Matrix 1:
0 0 0 0 0 0 0 0
0 0 0 3 0 3 3 3
0 3 0 0 3 0 3 3
0 3 3 0 0 3 0 3
0 3 3 3 0 0 3 0
0 0 3 3 3 0 0 3
0 3 0 3 3 3 0 0
0 0 3 0 3 3 3 0

Matrix 2:
0 0 0 0 0 0 0 0
0 0 0 3 3 3 0 3
0 3 0 0 3 3 3 0
0 0 3 0 0 3 3 3
0 3 0 3 0 0 3 3
0 3 3 0 3 0 0 3
0 3 3 3 0 3 0 0
0 0 3 3 3 0 3 0

Matrix 3:
0 0 0 0 0 0 0 0
0 0 3 0 0 3 3 3
0 3 0 3 0 0 3 3
0 3 3 0 3 0 0 3
0 3 3 3 0 3 0 0
0 0 3 3 3 0 3 0
0 0 0 3 3 3 0 3
0 3 0 0 3 3 3 0

Matrix 4:
0 0 0 0 0 0 0 0
0 0 3 0 3 3 3 0
0 0 0 3 0 3 3 3
0 3 0 0 3 0 3 3
0 3 3 0 0 3 0 3
0 3 3 3 0 0 3 0
0 0 3 3 3 0 0 3
0 3 0 3 3 3 0 0

Matrix 5:
0 0 0 0 0 0 0 0
0 0 3 3 3 0 0 3
0 3 0 3 3 3 0 0
0 0 3 0 3 3 3 0
0 0 0 3 0 3 3 3
0 3 0 0 3 0 3 3
0 3 3 0 0 3 0 3
0 3 3 3 0 0 3 0

Matrix 6:
0 0 0 0 0 0 0 0
0 0 3 3 3 0 3 0
0 0 0 3 3 3 0 3
0 3 0 0 3 3 3 0
0 0 3 0 0 3 3 3
0 3 0 3 0 0 3 3
0 3 3 0 3 0 0 3
0 3 3 3 0 3 0 0

