Matrix 1:
0 0 0 0 0 0 0 0 0
0 0 3 3 6 0 6 6 3
0 3 0 3 3 6 0 6 6
0 6 3 0 3 3 6 0 6
0 6 6 3 0 3 3 6 0
0 0 6 6 3 0 3 3 6
0 6 0 6 6 3 0 3 3
0 3 6 0 6 6 3 0 3
0 3 3 6 0 6 6 3 0

Matrix 2:
0 0 0 0 0 0 0 0 0
0 0 3 6 6 0 6 3 3
0 3 0 3 6 6 0 6 3
0 3 3 0 3 6 6 0 6
0 6 3 3 0 3 6 6 0
0 0 6 3 3 0 3 6 6
0 6 0 6 3 3 0 3 6
0 6 6 0 6 3 3 0 3
0 3 6 6 0 6 3 3 0

Matrix 3:
0 0 0 0 0 0 0 0 0
0 0 6 3 3 0 3 6 6
0 6 0 6 3 3 0 3 6
0 6 6 0 6 3 3 0 3
0 3 6 6 0 6 3 3 0
0 0 3 6 6 0 6 3 3
0 3 0 3 6 6 0 6 3
0 3 3 0 3 6 6 0 6
0 6 3 3 0 3 6 6 0

Matrix 4:
0 0 0 0 0 0 0 0 0
0 0 6 6 3 0 3 3 6
0 6 0 6 6 3 0 3 3
0 3 6 0 6 6 3 0 3
0 3 3 6 0 6 6 3 0
0 0 3 3 6 0 6 6 3
0 3 0 3 3 6 0 6 6
0 6 3 0 3 3 6 0 6
0 6 6 3 0 3 3 6 0

