Matrix 1:
0 0 0 0 0 0 0 0
0 0 0 5 0 5 5 5
0 5 0 0 5 0 5 5
0 5 5 0 0 5 0 5
0 5 5 5 0 0 5 0
0 0 5 5 5 0 0 5
0 5 0 5 5 5 0 0
0 0 5 0 5 5 5 0

Matrix 2:
0 0 0 0 0 0 0 0
0 0 0 5 5 5 0 5
0 5 0 0 5 5 5 0
0 0 5 0 0 5 5 5
0 5 0 5 0 0 5 5
0 5 5 0 5 0 0 5
0 5 5 5 0 5 0 0
0 0 5 5 5 0 5 0

Matrix 3:
0 0 0 0 0 0 0 0
0 0 5 0 0 5 5 5
0 5 0 5 0 0 5 5
0 5 5 0 5 0 0 5
0 5 5 5 0 5 0 0
0 0 5 5 5 0 5 0
0 0 0 5 5 5 0 5
0 5 0 0 5 5 5 0

Matrix 4:
0 0 0 0 0 0 0 0
0 0 5 0 5 5 5 0
0 0 0 5 0 5 5 5
0 5 0 0 5 0 5 5
0 5 5 0 0 5 0 5
0 5 5 5 0 0 5 0
0 0 5 5 5 0 0 5
0 5 0 5 5 5 0 0

Matrix 5:
0 0 0 0 0 0 0 0
0 0 5 5 5 0 0 5
0 5 0 5 5 5 0 0
0 0 5 0 5 5 5 0
0 0 0 5 0 5 5 5
0 5 0 0 5 0 5 5
0 5 5 0 0 5 0 5
0 5 5 5 0 0 5 0

Matrix 6:
0 0 0 0 0 0 0 0
0 0 5 5 5 0 5 0
0 0 0 5 5 5 0 5
0 5 0 0 5 5 5 0
0 0 5 0 0 5 5 5
0 5 0 5 0 0 5 5
0 5 5 0 5 0 0 5
0 5 5 5 0 5 0 0

