Matrix 1:
0 0 0 0 0 0 0 0 0
0 0 0 1 1 1 2 2 2
0 0 0 2 2 2 1 1 1
0 1 2 0 1 2 0 1 2
0 1 2 1 2 0 2 0 1
0 1 2 2 0 1 1 2 0
0 2 1 0 2 1 0 2 1
0 2 1 1 0 2 2 1 0
0 2 1 2 1 0 1 0 2

Matrix 2:
0 0 0 0 0 0 0 0 0
0 0 0 1 1 1 2 2 2
0 0 0 2 2 2 1 1 1
0 1 2 0 1 2 0 1 2
0 1 2 1 2 0 2 0 1
0 1 2 2 0 1 1 2 0
0 2 1 0 2 1 1 0 2
0 2 1 1 0 2 0 2 1
0 2 1 2 1 0 2 1 0

Matrix 3:
0 0 0 0 0 0 0 0 0
0 0 0 1 1 1 2 2 2
0 0 0 2 2 2 1 1 1
0 1 2 0 1 2 0 1 2
0 1 2 1 2 0 2 0 1
0 1 2 2 0 1 1 2 0
0 2 1 0 2 1 2 1 0
0 2 1 1 0 2 1 0 2
0 2 1 2 1 0 0 2 1

Matrix 4:
0 0 0 0 0 0 0 0 0
0 0 0 1 1 1 2 2 2
0 0 1 0 2 2 1 1 2
0 1 0 2 0 2 1 2 1
0 1 2 0 2 1 2 0 1
0 1 2 2 1 0 0 1 2
0 2 1 1 2 0 0 2 1
0 2 1 2 0 1 2 1 0
0 2 2 1 1 2 1 0 0

Matrix 5:
0 0 0 0 0 0 0 0 0
0 0 0 1 1 1 2 2 2
0 0 2 1 2 2 0 1 1
0 1 1 0 0 2 2 1 2
0 1 2 0 2 1 1 2 0
0 1 2 2 1 0 2 0 1
0 2 0 2 1 2 1 1 0
0 2 1 1 2 0 1 0 2
0 2 1 2 0 1 0 2 1

