Matrix 1:
0 0 0 0 0 0 0 0 0 0
0 0 2 2 4 4 6 6 8 8
0 2 0 6 4 8 2 8 4 6
0 2 6 8 6 2 0 4 8 4
0 4 6 0 2 6 8 2 4 8
0 4 8 4 0 2 6 8 6 2
0 6 2 4 8 0 8 4 2 6
0 6 4 8 2 8 4 6 0 2
0 8 4 2 8 6 2 0 6 4
0 8 8 6 6 4 4 2 2 0

Matrix 2:
0 0 0 0 0 0 0 0 0 0
0 0 2 2 4 4 6 6 8 8
0 2 0 6 4 8 2 8 4 6
0 2 6 8 8 2 4 6 0 4
0 4 6 4 2 0 8 2 8 6
0 4 8 2 8 6 2 4 6 0
0 6 2 0 6 8 8 4 2 4
0 6 4 8 2 4 0 8 6 2
0 8 4 6 0 6 4 2 2 8
0 8 8 4 6 2 6 0 4 2

Matrix 3:
0 0 0 0 0 0 0 0 0 0
0 0 2 2 4 4 6 6 8 8
0 2 0 6 4 8 2 8 4 6
0 2 8 4 8 0 6 4 6 2
0 4 6 8 2 6 2 4 8 0
0 4 8 0 6 4 8 2 2 6
0 6 4 2 2 8 8 0 6 4
0 6 6 4 0 2 4 8 2 8
0 8 2 6 8 6 4 2 0 4
0 8 4 8 6 2 0 6 4 2

Matrix 4:
0 0 0 0 0 0 0 0 0 0
0 0 2 2 4 4 6 6 8 8
0 2 0 6 6 8 2 4 4 8
0 2 6 8 0 4 4 8 2 6
0 4 4 6 2 0 8 2 8 6
0 4 8 2 6 2 0 8 6 4
0 6 2 0 8 6 8 4 2 4
0 6 8 4 2 8 4 6 0 2
0 8 4 8 4 6 2 0 6 2
0 8 6 4 8 2 6 2 4 0

Matrix 5:
0 0 0 0 0 0 0 0 0 0
0 0 2 2 4 4 6 6 8 8
0 2 0 6 6 8 2 4 4 8
0 2 6 8 4 2 0 8 6 4
0 4 4 8 2 8 6 2 0 6
0 4 8 2 0 6 8 4 6 2
0 6 2 4 8 2 8 0 4 6
0 6 8 6 2 4 4 8 2 0
0 8 4 0 8 6 2 6 2 4
0 8 6 4 6 0 4 2 8 2

Matrix 6:
0 0 0 0 0 0 0 0 0 0
0 0 2 2 4 4 6 6 8 8
0 2 0 6 6 8 2 4 4 8
0 2 8 4 8 2 6 0 6 4
0 4 6 8 4 2 2 8 0 6
0 4 8 0 2 6 8 6 4 2
0 6 4 2 8 0 8 4 2 6
0 6 6 4 2 8 4 2 8 0
0 8 2 6 0 6 4 8 2 4
0 8 4 8 6 4 0 2 6 2

Matrix 7:
0 0 0 0 0 0 0 0 0 0
0 0 2 2 4 4 6 6 8 8
0 2 0 8 6 8 4 6 2 4
0 2 6 4 8 0 2 4 6 8
0 4 4 8 2 6 2 0 8 6
0 4 8 0 6 4 8 2 6 2
0 6 2 6 2 8 8 4 4 0
0 6 8 4 4 2 0 8 2 6
0 8 4 6 8 2 6 2 0 4
0 8 6 2 0 6 4 8 4 2

Matrix 8:
0 0 0 0 0 0 0 0 0 0
0 0 2 2 4 4 6 6 8 8
0 2 0 8 6 8 4 6 2 4
0 2 6 4 8 0 2 4 6 8
0 4 6 8 4 2 8 2 0 6
0 4 8 2 2 6 0 8 6 4
0 6 2 6 2 8 8 4 4 0
0 6 4 0 8 6 4 2 8 2
0 8 4 6 0 4 2 8 2 6
0 8 8 4 6 2 6 0 4 2

Matrix 9:
0 0 0 0 0 0 0 0 0 0
0 0 2 2 4 4 6 6 8 8
0 2 2 6 0 8 4 8 4 6
0 2 6 2 8 0 8 4 6 4
0 4 0 8 6 4 8 2 2 6
0 4 8 0 4 6 2 8 6 2
0 6 4 8 8 2 4 6 0 2
0 6 8 4 2 8 6 4 2 0
0 8 4 6 2 6 0 2 8 4
0 8 6 4 6 2 2 0 4 8

Matrix 10:
0 0 0 0 0 0 0 0 0 0
0 0 2 2 4 4 6 6 8 8
0 2 2 6 0 8 4 8 4 6
0 2 6 8 2 6 0 4 8 4
0 4 0 8 6 2 8 6 4 2
0 4 8 2 8 6 4 2 6 0
0 6 4 6 8 2 2 4 0 8
0 6 8 4 2 4 8 0 2 6
0 8 4 0 6 8 6 2 2 4
0 8 6 4 4 0 2 8 6 2

Matrix 11:
0 0 0 0 0 0 0 0 0 0
0 0 2 2 4 4 6 6 8 8
0 2 2 6 0 8 4 8 4 6
0 2 6 8 8 2 6 4 0 4
0 4 0 2 6 8 8 2 6 4
0 4 8 6 2 6 2 4 8 0
0 6 4 0 8 4 2 8 6 2
0 6 8 4 6 2 4 0 2 8
0 8 4 8 4 6 0 2 2 6
0 8 6 4 2 0 8 6 4 2

Matrix 12:
0 0 0 0 0 0 0 0 0 0
0 0 2 2 4 4 6 6 8 8
0 2 2 8 6 8 0 4 4 6
0 2 8 2 8 6 4 0 6 4
0 4 6 8 2 4 8 2 6 0
0 4 8 6 4 2 2 8 0 6
0 6 0 4 8 2 8 6 4 2
0 6 4 0 2 8 6 8 2 4
0 8 4 6 6 0 4 2 8 2
0 8 6 4 0 6 2 4 2 8

Matrix 13:
0 0 0 0 0 0 0 0 0 0
0 0 2 2 4 4 6 6 8 8
0 2 2 8 6 8 0 4 4 6
0 2 8 6 4 0 4 8 6 2
0 4 6 8 2 6 4 2 0 8
0 4 8 4 0 2 8 6 2 6
0 6 0 4 8 6 2 4 8 2
0 6 4 2 2 8 8 0 6 4
0 8 4 6 8 2 6 2 4 0
0 8 6 0 6 4 2 8 2 4

Matrix 14:
0 0 0 0 0 0 0 0 0 0
0 0 2 2 4 4 6 6 8 8
0 2 2 8 6 8 0 4 4 6
0 2 8 6 8 4 4 2 6 0
0 4 6 4 2 0 8 2 8 6
0 4 8 0 6 2 6 8 2 4
0 6 0 4 4 8 2 8 6 2
0 6 4 8 2 6 4 0 2 8
0 8 4 6 0 2 8 6 4 2
0 8 6 2 8 6 2 4 0 4

Matrix 15:
0 0 0 0 0 0 0 0 0 0
0 0 2 2 4 4 6 6 8 8
0 2 4 6 0 8 2 4 6 8
0 2 8 0 8 6 4 6 2 4
0 4 0 8 4 6 8 2 6 2
0 4 8 4 6 2 2 0 8 6
0 6 4 8 2 4 0 8 2 6
0 6 6 2 8 2 8 4 4 0
0 8 2 6 6 0 4 8 4 2
0 8 6 4 2 8 6 2 0 4

Matrix 16:
0 0 0 0 0 0 0 0 0 0
0 0 2 2 4 4 6 6 8 8
0 2 4 6 0 8 2 4 6 8
0 2 8 0 8 6 4 6 2 4
0 4 2 8 6 2 0 8 6 4
0 4 8 6 2 4 8 2 0 6
0 6 0 4 6 8 4 2 8 2
0 6 6 2 8 2 8 4 4 0
0 8 4 8 2 6 6 0 4 2
0 8 6 4 4 0 2 8 2 6

Matrix 17:
0 0 0 0 0 0 0 0 0 0
0 0 2 2 4 4 6 6 8 8
0 2 4 8 0 8 4 6 2 6
0 2 6 0 8 4 8 2 6 4
0 4 0 8 4 6 2 8 6 2
0 4 8 6 6 2 4 2 0 8
0 6 2 4 8 2 0 8 4 6
0 6 4 6 2 0 8 4 8 2
0 8 6 2 6 8 2 4 4 0
0 8 8 4 2 6 6 0 2 4

Matrix 18:
0 0 0 0 0 0 0 0 0 0
0 0 2 2 4 4 6 6 8 8
0 2 4 8 0 8 4 6 2 6
0 2 8 6 2 4 0 8 6 4
0 4 2 8 6 0 8 4 6 2
0 4 8 4 8 2 6 2 0 6
0 6 0 2 8 6 4 8 4 2
0 6 6 4 2 8 2 4 8 0
0 8 4 6 6 2 2 0 4 8
0 8 6 0 4 6 8 2 2 4

Matrix 19:
0 0 0 0 0 0 0 0 0 0
0 0 2 2 4 4 6 6 8 8
0 2 4 8 0 8 4 6 2 6
0 2 8 6 6 2 0 4 4 8
0 4 2 0 6 8 8 2 6 4
0 4 8 4 2 6 2 0 8 6
0 6 0 4 8 2 6 8 2 4
0 6 6 8 2 4 8 4 0 2
0 8 4 6 4 0 2 8 6 2
0 8 6 2 8 6 4 2 4 0

Matrix 20:
0 0 0 0 0 0 0 0 0 0
0 0 2 2 4 4 6 6 8 8
0 2 4 8 2 8 0 6 4 6
0 2 6 0 8 6 4 2 8 4
0 4 0 8 6 2 6 8 2 4
0 4 8 6 2 4 8 2 6 0
0 6 2 4 0 8 4 8 6 2
0 6 4 6 8 2 2 4 0 8
0 8 6 2 6 0 8 4 4 2
0 8 8 4 4 6 2 0 2 6

Matrix 21:
0 0 0 0 0 0 0 0 0 0
0 0 2 2 4 4 6 6 8 8
0 2 4 8 2 8 0 6 4 6
0 2 8 6 0 4 4 8 6 2
0 4 0 6 6 2 8 2 4 8
0 4 8 2 8 6 2 4 0 6
0 6 4 0 8 2 6 8 2 4
0 6 6 4 2 0 8 4 8 2
0 8 2 4 6 8 2 0 6 4
0 8 6 8 4 6 4 2 2 0

Matrix 22:
0 0 0 0 0 0 0 0 0 0
0 0 2 2 4 4 6 6 8 8
0 2 4 8 2 8 0 6 4 6
0 2 8 6 8 4 2 4 6 0
0 4 0 2 6 8 8 2 6 4
0 4 8 4 0 2 6 8 2 6
0 6 4 0 8 6 4 2 2 8
0 6 6 8 4 2 8 4 0 2
0 8 2 6 6 0 4 8 4 2
0 8 6 4 2 6 2 0 8 4

Matrix 23:
0 0 0 0 0 0 0 0 0 0
0 0 2 2 4 4 6 6 8 8
0 2 6 8 0 4 4 8 2 6
0 2 8 2 8 6 0 4 6 4
0 4 4 8 2 0 8 6 6 2
0 4 8 6 6 2 4 2 8 0
0 6 2 4 8 2 8 0 4 6
0 6 4 0 6 8 2 4 2 8
0 8 0 6 4 6 2 8 4 2
0 8 6 4 2 8 6 2 0 4

Matrix 24:
0 0 0 0 0 0 0 0 0 0
0 0 2 2 4 4 6 6 8 8
0 2 6 8 0 4 4 8 2 6
0 2 8 4 2 8 0 6 6 4
0 4 2 8 8 6 2 4 6 0
0 4 6 0 6 2 8 2 8 4
0 6 0 4 8 2 6 8 4 2
0 6 4 6 2 0 8 4 2 8
0 8 4 2 6 8 2 0 4 6
0 8 8 6 4 6 4 2 0 2

Matrix 25:
0 0 0 0 0 0 0 0 0 0
0 0 2 2 4 4 6 6 8 8
0 2 6 8 2 4 0 8 4 6
0 2 8 4 0 8 4 6 6 2
0 4 4 8 8 2 6 2 6 0
0 4 8 2 6 0 8 4 2 6
0 6 2 0 8 6 4 8 2 4
0 6 4 6 2 8 2 4 0 8
0 8 0 6 4 6 8 2 4 2
0 8 6 4 6 2 2 0 8 4

Matrix 26:
0 0 0 0 0 0 0 0 0 0
0 0 2 2 4 4 6 6 8 8
0 2 6 8 2 6 0 4 4 8
0 2 8 4 8 0 4 6 2 6
0 4 0 2 8 6 8 2 6 4
0 4 4 8 6 2 2 0 8 6
0 6 4 0 2 8 6 8 2 4
0 6 8 6 4 2 8 4 0 2
0 8 2 6 6 8 4 2 4 0
0 8 6 4 0 4 2 8 6 2

Matrix 27:
0 0 0 0 0 0 0 0 0 0
0 0 2 2 4 4 6 6 8 8
0 2 6 8 2 8 4 6 0 4
0 2 8 6 8 2 6 4 4 0
0 4 4 8 6 2 0 2 8 6
0 4 8 4 2 6 2 0 6 8
0 6 2 4 0 8 8 4 2 6
0 6 4 2 8 0 4 8 6 2
0 8 0 6 6 4 2 8 2 4
0 8 6 0 4 6 8 2 4 2

Matrix 28:
0 0 0 0 0 0 0 0 0 0
0 0 2 2 4 4 6 6 8 8
0 2 6 8 4 8 2 4 0 6
0 2 8 2 8 6 4 0 6 4
0 4 0 8 2 6 8 6 4 2
0 4 4 6 0 2 2 8 6 8
0 6 4 0 8 4 8 2 2 6
0 6 8 4 6 2 0 4 8 2
0 8 2 6 6 8 4 2 4 0
0 8 6 4 2 0 6 8 2 4

Matrix 29:
0 0 0 0 0 0 0 0 0 0
0 0 2 2 4 4 6 6 8 8
0 2 6 8 4 8 2 4 0 6
0 2 8 4 8 2 0 6 6 4
0 4 2 0 8 6 8 2 4 6
0 4 4 8 2 0 6 8 6 2
0 6 0 4 6 8 4 2 8 2
0 6 8 6 2 4 8 4 2 0
0 8 4 6 6 2 2 0 4 8
0 8 6 2 0 6 4 8 2 4

Matrix 30:
0 0 0 0 0 0 0 0 0 0
0 0 2 2 4 4 6 6 8 8
0 2 6 8 4 8 2 4 0 6
0 2 8 6 8 4 4 2 6 0
0 4 2 8 6 2 0 8 6 4
0 4 8 2 2 6 8 0 4 6
0 6 4 6 0 2 8 4 2 8
0 6 6 4 2 0 4 8 8 2
0 8 0 4 8 6 2 6 2 4
0 8 4 0 6 8 6 2 4 2

