Matrix 1:
0 0 0 0 0 0 0 0 0 0
0 0 1 1 2 2 3 3 4 4
0 1 0 3 2 4 1 4 2 3
0 1 3 4 3 1 0 2 4 2
0 2 3 0 1 3 4 1 2 4
0 2 4 2 0 1 3 4 3 1
0 3 1 2 4 0 4 2 1 3
0 3 2 4 1 4 2 3 0 1
0 4 2 1 4 3 1 0 3 2
0 4 4 3 3 2 2 1 1 0

Matrix 2:
0 0 0 0 0 0 0 0 0 0
0 0 1 1 2 2 3 3 4 4
0 1 0 3 2 4 1 4 2 3
0 1 3 4 4 1 2 3 0 2
0 2 3 2 1 0 4 1 4 3
0 2 4 1 4 3 1 2 3 0
0 3 1 0 3 4 4 2 1 2
0 3 2 4 1 2 0 4 3 1
0 4 2 3 0 3 2 1 1 4
0 4 4 2 3 1 3 0 2 1

Matrix 3:
0 0 0 0 0 0 0 0 0 0
0 0 1 1 2 2 3 3 4 4
0 1 0 3 2 4 1 4 2 3
0 1 4 2 4 0 3 2 3 1
0 2 3 4 1 3 1 2 4 0
0 2 4 0 3 2 4 1 1 3
0 3 2 1 1 4 4 0 3 2
0 3 3 2 0 1 2 4 1 4
0 4 1 3 4 3 2 1 0 2
0 4 2 4 3 1 0 3 2 1

Matrix 4:
0 0 0 0 0 0 0 0 0 0
0 0 1 1 2 2 3 3 4 4
0 1 0 3 3 4 1 2 2 4
0 1 3 4 0 2 2 4 1 3
0 2 2 3 1 0 4 1 4 3
0 2 4 1 3 1 0 4 3 2
0 3 1 0 4 3 4 2 1 2
0 3 4 2 1 4 2 3 0 1
0 4 2 4 2 3 1 0 3 1
0 4 3 2 4 1 3 1 2 0

Matrix 5:
0 0 0 0 0 0 0 0 0 0
0 0 1 1 2 2 3 3 4 4
0 1 0 3 3 4 1 2 2 4
0 1 3 4 2 1 0 4 3 2
0 2 2 4 1 4 3 1 0 3
0 2 4 1 0 3 4 2 3 1
0 3 1 2 4 1 4 0 2 3
0 3 4 3 1 2 2 4 1 0
0 4 2 0 4 3 1 3 1 2
0 4 3 2 3 0 2 1 4 1

Matrix 6:
0 0 0 0 0 0 0 0 0 0
0 0 1 1 2 2 3 3 4 4
0 1 0 3 3 4 1 2 2 4
0 1 4 2 4 1 3 0 3 2
0 2 3 4 2 1 1 4 0 3
0 2 4 0 1 3 4 3 2 1
0 3 2 1 4 0 4 2 1 3
0 3 3 2 1 4 2 1 4 0
0 4 1 3 0 3 2 4 1 2
0 4 2 4 3 2 0 1 3 1

Matrix 7:
0 0 0 0 0 0 0 0 0 0
0 0 1 1 2 2 3 3 4 4
0 1 0 4 3 4 2 3 1 2
0 1 3 2 4 0 1 2 3 4
0 2 2 4 1 3 1 0 4 3
0 2 4 0 3 2 4 1 3 1
0 3 1 3 1 4 4 2 2 0
0 3 4 2 2 1 0 4 1 3
0 4 2 3 4 1 3 1 0 2
0 4 3 1 0 3 2 4 2 1

Matrix 8:
0 0 0 0 0 0 0 0 0 0
0 0 1 1 2 2 3 3 4 4
0 1 0 4 3 4 2 3 1 2
0 1 3 2 4 0 1 2 3 4
0 2 3 4 2 1 4 1 0 3
0 2 4 1 1 3 0 4 3 2
0 3 1 3 1 4 4 2 2 0
0 3 2 0 4 3 2 1 4 1
0 4 2 3 0 2 1 4 1 3
0 4 4 2 3 1 3 0 2 1

Matrix 9:
0 0 0 0 0 0 0 0 0 0
0 0 1 1 2 2 3 3 4 4
0 1 1 3 0 4 2 4 2 3
0 1 3 1 4 0 4 2 3 2
0 2 0 4 3 2 4 1 1 3
0 2 4 0 2 3 1 4 3 1
0 3 2 4 4 1 2 3 0 1
0 3 4 2 1 4 3 2 1 0
0 4 2 3 1 3 0 1 4 2
0 4 3 2 3 1 1 0 2 4

Matrix 10:
0 0 0 0 0 0 0 0 0 0
0 0 1 1 2 2 3 3 4 4
0 1 1 3 0 4 2 4 2 3
0 1 3 4 1 3 0 2 4 2
0 2 0 4 3 1 4 3 2 1
0 2 4 1 4 3 2 1 3 0
0 3 2 3 4 1 1 2 0 4
0 3 4 2 1 2 4 0 1 3
0 4 2 0 3 4 3 1 1 2
0 4 3 2 2 0 1 4 3 1

Matrix 11:
0 0 0 0 0 0 0 0 0 0
0 0 1 1 2 2 3 3 4 4
0 1 1 3 0 4 2 4 2 3
0 1 3 4 4 1 3 2 0 2
0 2 0 1 3 4 4 1 3 2
0 2 4 3 1 3 1 2 4 0
0 3 2 0 4 2 1 4 3 1
0 3 4 2 3 1 2 0 1 4
0 4 2 4 2 3 0 1 1 3
0 4 3 2 1 0 4 3 2 1

Matrix 12:
0 0 0 0 0 0 0 0 0 0
0 0 1 1 2 2 3 3 4 4
0 1 1 4 3 4 0 2 2 3
0 1 4 1 4 3 2 0 3 2
0 2 3 4 1 2 4 1 3 0
0 2 4 3 2 1 1 4 0 3
0 3 0 2 4 1 4 3 2 1
0 3 2 0 1 4 3 4 1 2
0 4 2 3 3 0 2 1 4 1
0 4 3 2 0 3 1 2 1 4

Matrix 13:
0 0 0 0 0 0 0 0 0 0
0 0 1 1 2 2 3 3 4 4
0 1 1 4 3 4 0 2 2 3
0 1 4 3 2 0 2 4 3 1
0 2 3 4 1 3 2 1 0 4
0 2 4 2 0 1 4 3 1 3
0 3 0 2 4 3 1 2 4 1
0 3 2 1 1 4 4 0 3 2
0 4 2 3 4 1 3 1 2 0
0 4 3 0 3 2 1 4 1 2

Matrix 14:
0 0 0 0 0 0 0 0 0 0
0 0 1 1 2 2 3 3 4 4
0 1 1 4 3 4 0 2 2 3
0 1 4 3 4 2 2 1 3 0
0 2 3 2 1 0 4 1 4 3
0 2 4 0 3 1 3 4 1 2
0 3 0 2 2 4 1 4 3 1
0 3 2 4 1 3 2 0 1 4
0 4 2 3 0 1 4 3 2 1
0 4 3 1 4 3 1 2 0 2

Matrix 15:
0 0 0 0 0 0 0 0 0 0
0 0 1 1 2 2 3 3 4 4
0 1 2 3 0 4 1 2 3 4
0 1 4 0 4 3 2 3 1 2
0 2 0 4 2 3 4 1 3 1
0 2 4 2 3 1 1 0 4 3
0 3 2 4 1 2 0 4 1 3
0 3 3 1 4 1 4 2 2 0
0 4 1 3 3 0 2 4 2 1
0 4 3 2 1 4 3 1 0 2

Matrix 16:
0 0 0 0 0 0 0 0 0 0
0 0 1 1 2 2 3 3 4 4
0 1 2 3 0 4 1 2 3 4
0 1 4 0 4 3 2 3 1 2
0 2 1 4 3 1 0 4 3 2
0 2 4 3 1 2 4 1 0 3
0 3 0 2 3 4 2 1 4 1
0 3 3 1 4 1 4 2 2 0
0 4 2 4 1 3 3 0 2 1
0 4 3 2 2 0 1 4 1 3

Matrix 17:
0 0 0 0 0 0 0 0 0 0
0 0 1 1 2 2 3 3 4 4
0 1 2 4 0 4 2 3 1 3
0 1 3 0 4 2 4 1 3 2
0 2 0 4 2 3 1 4 3 1
0 2 4 3 3 1 2 1 0 4
0 3 1 2 4 1 0 4 2 3
0 3 2 3 1 0 4 2 4 1
0 4 3 1 3 4 1 2 2 0
0 4 4 2 1 3 3 0 1 2

Matrix 18:
0 0 0 0 0 0 0 0 0 0
0 0 1 1 2 2 3 3 4 4
0 1 2 4 0 4 2 3 1 3
0 1 4 3 1 2 0 4 3 2
0 2 1 4 3 0 4 2 3 1
0 2 4 2 4 1 3 1 0 3
0 3 0 1 4 3 2 4 2 1
0 3 3 2 1 4 1 2 4 0
0 4 2 3 3 1 1 0 2 4
0 4 3 0 2 3 4 1 1 2

Matrix 19:
0 0 0 0 0 0 0 0 0 0
0 0 1 1 2 2 3 3 4 4
0 1 2 4 0 4 2 3 1 3
0 1 4 3 3 1 0 2 2 4
0 2 1 0 3 4 4 1 3 2
0 2 4 2 1 3 1 0 4 3
0 3 0 2 4 1 3 4 1 2
0 3 3 4 1 2 4 2 0 1
0 4 2 3 2 0 1 4 3 1
0 4 3 1 4 3 2 1 2 0

Matrix 20:
0 0 0 0 0 0 0 0 0 0
0 0 1 1 2 2 3 3 4 4
0 1 2 4 1 4 0 3 2 3
0 1 3 0 4 3 2 1 4 2
0 2 0 4 3 1 3 4 1 2
0 2 4 3 1 2 4 1 3 0
0 3 1 2 0 4 2 4 3 1
0 3 2 3 4 1 1 2 0 4
0 4 3 1 3 0 4 2 2 1
0 4 4 2 2 3 1 0 1 3

Matrix 21:
0 0 0 0 0 0 0 0 0 0
0 0 1 1 2 2 3 3 4 4
0 1 2 4 1 4 0 3 2 3
0 1 4 3 0 2 2 4 3 1
0 2 0 3 3 1 4 1 2 4
0 2 4 1 4 3 1 2 0 3
0 3 2 0 4 1 3 4 1 2
0 3 3 2 1 0 4 2 4 1
0 4 1 2 3 4 1 0 3 2
0 4 3 4 2 3 2 1 1 0

Matrix 22:
0 0 0 0 0 0 0 0 0 0
0 0 1 1 2 2 3 3 4 4
0 1 2 4 1 4 0 3 2 3
0 1 4 3 4 2 1 2 3 0
0 2 0 1 3 4 4 1 3 2
0 2 4 2 0 1 3 4 1 3
0 3 2 0 4 3 2 1 1 4
0 3 3 4 2 1 4 2 0 1
0 4 1 3 3 0 2 4 2 1
0 4 3 2 1 3 1 0 4 2

Matrix 23:
0 0 0 0 0 0 0 0 0 0
0 0 1 1 2 2 3 3 4 4
0 1 3 4 0 2 2 4 1 3
0 1 4 1 4 3 0 2 3 2
0 2 2 4 1 0 4 3 3 1
0 2 4 3 3 1 2 1 4 0
0 3 1 2 4 1 4 0 2 3
0 3 2 0 3 4 1 2 1 4
0 4 0 3 2 3 1 4 2 1
0 4 3 2 1 4 3 1 0 2

Matrix 24:
0 0 0 0 0 0 0 0 0 0
0 0 1 1 2 2 3 3 4 4
0 1 3 4 0 2 2 4 1 3
0 1 4 2 1 4 0 3 3 2
0 2 1 4 4 3 1 2 3 0
0 2 3 0 3 1 4 1 4 2
0 3 0 2 4 1 3 4 2 1
0 3 2 3 1 0 4 2 1 4
0 4 2 1 3 4 1 0 2 3
0 4 4 3 2 3 2 1 0 1

Matrix 25:
0 0 0 0 0 0 0 0 0 0
0 0 1 1 2 2 3 3 4 4
0 1 3 4 1 2 0 4 2 3
0 1 4 2 0 4 2 3 3 1
0 2 2 4 4 1 3 1 3 0
0 2 4 1 3 0 4 2 1 3
0 3 1 0 4 3 2 4 1 2
0 3 2 3 1 4 1 2 0 4
0 4 0 3 2 3 4 1 2 1
0 4 3 2 3 1 1 0 4 2

Matrix 26:
0 0 0 0 0 0 0 0 0 0
0 0 1 1 2 2 3 3 4 4
0 1 3 4 1 3 0 2 2 4
0 1 4 2 4 0 2 3 1 3
0 2 0 1 4 3 4 1 3 2
0 2 2 4 3 1 1 0 4 3
0 3 2 0 1 4 3 4 1 2
0 3 4 3 2 1 4 2 0 1
0 4 1 3 3 4 2 1 2 0
0 4 3 2 0 2 1 4 3 1

Matrix 27:
0 0 0 0 0 0 0 0 0 0
0 0 1 1 2 2 3 3 4 4
0 1 3 4 1 4 2 3 0 2
0 1 4 3 4 1 3 2 2 0
0 2 2 4 3 1 0 1 4 3
0 2 4 2 1 3 1 0 3 4
0 3 1 2 0 4 4 2 1 3
0 3 2 1 4 0 2 4 3 1
0 4 0 3 3 2 1 4 1 2
0 4 3 0 2 3 4 1 2 1

Matrix 28:
0 0 0 0 0 0 0 0 0 0
0 0 1 1 2 2 3 3 4 4
0 1 3 4 2 4 1 2 0 3
0 1 4 1 4 3 2 0 3 2
0 2 0 4 1 3 4 3 2 1
0 2 2 3 0 1 1 4 3 4
0 3 2 0 4 2 4 1 1 3
0 3 4 2 3 1 0 2 4 1
0 4 1 3 3 4 2 1 2 0
0 4 3 2 1 0 3 4 1 2

Matrix 29:
0 0 0 0 0 0 0 0 0 0
0 0 1 1 2 2 3 3 4 4
0 1 3 4 2 4 1 2 0 3
0 1 4 2 4 1 0 3 3 2
0 2 1 0 4 3 4 1 2 3
0 2 2 4 1 0 3 4 3 1
0 3 0 2 3 4 2 1 4 1
0 3 4 3 1 2 4 2 1 0
0 4 2 3 3 1 1 0 2 4
0 4 3 1 0 3 2 4 1 2

Matrix 30:
0 0 0 0 0 0 0 0 0 0
0 0 1 1 2 2 3 3 4 4
0 1 3 4 2 4 1 2 0 3
0 1 4 3 4 2 2 1 3 0
0 2 1 4 3 1 0 4 3 2
0 2 4 1 1 3 4 0 2 3
0 3 2 3 0 1 4 2 1 4
0 3 3 2 1 0 2 4 4 1
0 4 0 2 4 3 1 3 1 2
0 4 2 0 3 4 3 1 2 1

