Matrix 1:
0 0 0 0 0 0 0 0 0
0 0 0 0 2 3 3 3 4
0 0 3 3 2 0 0 4 3
0 2 0 4 4 0 4 2 2
0 4 2 4 2 2 4 0 0
0 2 3 5 0 4 2 4 1
0 2 4 2 0 3 5 1 4
0 4 0 2 4 3 1 5 2
0 4 3 1 4 0 2 2 5

Matrix 2:
0 0 0 0 0 0 0 0 0
0 0 0 0 2 3 3 3 4
0 0 3 3 3 0 0 2 4
0 2 2 4 0 2 4 0 4
0 4 2 0 4 2 0 4 2
0 2 4 0 4 5 3 1 2
0 2 5 3 1 4 0 4 2
0 4 1 3 5 4 2 2 0
0 4 4 2 2 1 3 5 0

Matrix 3:
0 0 0 0 0 0 0 0 0
0 0 0 0 2 3 3 3 4
0 0 3 3 0 2 4 4 1
0 4 1 3 2 0 0 4 3
0 2 4 0 4 0 2 4 2
0 4 4 2 2 4 2 0 0
0 2 2 4 0 5 3 1 4
0 4 2 0 4 3 5 1 2
0 2 5 3 4 2 0 2 5

Matrix 4:
0 0 0 0 0 0 0 0 0
0 0 0 0 2 3 3 3 4
0 0 3 3 1 0 4 4 2
0 4 1 3 3 0 0 2 4
0 2 2 4 0 4 2 0 4
0 4 2 0 4 2 4 0 2
0 2 4 0 4 5 1 3 2
0 4 4 2 2 3 1 5 0
0 2 5 3 5 2 4 2 0

Matrix 5:
0 0 0 0 0 0 0 0 0
0 0 0 0 2 3 3 3 4
0 1 3 4 2 0 0 4 3
0 3 3 0 0 2 4 4 1
0 4 0 2 4 0 2 4 2
0 4 2 4 2 4 2 0 0
0 2 0 4 4 3 5 1 2
0 2 4 2 0 5 3 1 4
0 5 3 2 4 2 0 2 5

Matrix 6:
0 0 0 0 0 0 0 0 0
0 0 0 0 2 3 3 3 4
0 1 3 4 3 0 0 2 4
0 3 3 0 1 0 4 4 2
0 2 0 4 4 2 4 0 2
0 2 4 2 0 4 2 0 4
0 4 0 2 4 5 1 3 2
0 4 2 4 2 3 1 5 0
0 5 3 2 5 2 4 2 0

Matrix 7:
0 0 0 0 0 0 0 0 0
0 0 0 0 2 3 3 3 4
0 0 3 3 0 3 3 5 1
0 2 0 4 4 0 2 4 2
0 4 2 4 2 0 4 2 0
0 2 4 2 0 1 5 3 4
0 4 0 2 4 3 5 1 2
0 2 3 5 4 3 1 1 5
0 4 3 1 2 5 1 5 3

Matrix 8:
0 0 0 0 0 0 0 0 0
0 0 0 0 2 3 3 3 4
0 0 3 3 5 1 3 3 0
0 2 2 4 0 4 0 2 4
0 4 2 0 4 2 0 4 2
0 2 4 0 4 5 3 1 2
0 4 4 2 2 3 5 1 0
0 2 5 3 3 1 1 5 4
0 4 1 3 1 5 3 5 2

Matrix 9:
0 0 0 0 0 0 0 0 0
0 0 0 0 2 3 3 3 4
0 0 2 4 4 0 2 4 2
0 2 4 4 2 0 4 2 0
0 3 0 3 4 2 2 0 5
0 3 2 5 2 4 0 0 3
0 3 4 1 0 4 2 4 1
0 0 4 2 4 3 5 1 2
0 4 2 2 0 1 5 3 4

Matrix 10:
0 0 0 0 0 0 0 0 0
0 0 0 0 2 3 3 3 4
0 0 2 4 4 0 2 4 2
0 2 4 4 2 2 0 4 0
0 3 0 3 4 1 3 1 5
0 3 4 1 0 5 3 3 1
0 0 4 2 4 3 5 1 2
0 4 2 2 0 3 1 5 4
0 3 2 5 2 5 5 1 3

Matrix 11:
0 0 0 0 0 0 0 0 0
0 0 0 0 2 3 3 3 4
0 0 2 4 4 0 2 4 2
0 2 4 4 2 4 2 0 0
0 0 4 2 4 3 5 1 2
0 4 2 2 0 5 3 1 4
0 3 0 3 2 1 5 5 3
0 3 2 5 0 3 5 3 1
0 3 4 1 4 1 1 3 5

Matrix 12:
0 0 0 0 0 0 0 0 0
0 0 0 0 2 3 3 3 4
0 0 2 4 4 0 2 4 2
0 4 2 2 0 2 0 4 4
0 3 3 0 5 4 2 2 0
0 3 5 2 3 0 2 0 4
0 3 1 4 1 4 4 0 2
0 0 4 2 4 3 5 1 2
0 2 4 4 2 1 5 3 0

Matrix 13:
0 0 0 0 0 0 0 0 0
0 0 0 0 2 3 3 3 4
0 0 2 4 4 0 2 4 2
0 4 2 2 0 2 0 4 4
0 3 1 4 5 3 3 1 0
0 3 3 0 3 5 1 1 4
0 0 4 2 4 3 5 1 2
0 2 4 4 2 1 5 3 0
0 3 5 2 1 5 3 5 2

Matrix 14:
0 0 0 0 0 0 0 0 0
0 0 0 0 2 3 3 3 4
0 0 2 4 4 0 2 4 2
0 4 2 2 0 4 2 0 4
0 0 4 2 4 3 5 1 2
0 2 4 4 2 3 1 5 0
0 3 3 0 1 5 5 3 2
0 3 5 2 5 1 3 3 0
0 3 1 4 3 1 5 1 4

Matrix 15:
0 0 0 0 0 0 0 0 0
0 0 0 0 2 3 3 3 4
0 2 2 4 0 0 2 4 4
0 2 4 0 4 2 0 4 2
0 3 0 3 5 2 4 2 0
0 5 2 3 3 2 0 0 4
0 1 4 3 1 4 4 0 2
0 4 2 0 4 5 3 1 2
0 4 4 2 2 5 1 3 0

Matrix 16:
0 0 0 0 0 0 0 0 0
0 0 0 0 2 3 3 3 4
0 2 2 4 0 0 2 4 4
0 2 4 0 4 2 0 4 2
0 1 4 3 5 3 3 1 0
0 3 0 3 3 1 5 1 4
0 4 2 0 4 5 3 1 2
0 4 4 2 2 5 1 3 0
0 5 2 3 1 3 5 5 2

Matrix 17:
0 0 0 0 0 0 0 0 0
0 0 0 0 2 3 3 3 4
0 2 2 4 0 0 2 4 4
0 2 4 0 4 4 2 0 2
0 4 2 0 4 1 5 3 2
0 4 4 2 2 5 1 3 0
0 3 0 3 1 3 5 5 2
0 5 2 3 5 3 3 1 0
0 1 4 3 3 1 5 1 4

Matrix 18:
0 0 0 0 0 0 0 0 0
0 0 0 1 2 3 3 4 4
0 0 3 4 2 0 4 1 3
0 2 1 4 0 4 0 3 3
0 2 4 3 0 1 3 4 0
0 2 4 0 4 4 2 0 2
0 4 4 2 2 4 0 2 0
0 4 1 4 4 2 2 1 5
0 4 2 1 4 1 5 4 2

Matrix 19:
0 0 0 0 0 0 0 0 0
0 0 0 1 2 3 3 4 4
0 0 3 4 2 0 4 1 3
0 2 3 0 0 4 4 3 1
0 2 4 3 0 3 1 0 4
0 2 0 4 4 0 2 4 2
0 4 2 4 2 2 0 4 0
0 4 2 1 4 5 1 2 4
0 4 5 2 4 2 4 1 1

Matrix 20:
0 0 0 0 0 0 0 0 0
0 0 0 1 2 3 3 4 4
0 0 3 4 3 0 2 1 4
0 4 0 3 4 3 1 2 0
0 4 3 2 1 0 4 3 0
0 2 2 4 0 2 0 4 4
0 4 2 0 4 2 4 0 2
0 2 4 1 4 5 1 4 2
0 2 5 4 1 4 4 1 2

Matrix 21:
0 0 0 0 0 0 0 0 0
0 0 0 1 2 3 3 4 4
0 0 3 4 3 0 2 1 4
0 2 4 2 0 4 0 2 4
0 4 0 2 4 0 4 2 2
0 2 2 5 0 5 3 4 2
0 2 5 4 3 2 0 5 2
0 4 2 5 2 3 5 2 0
0 4 3 2 5 2 2 5 0

Matrix 22:
0 0 0 0 0 0 0 0 0
0 0 0 1 2 3 3 4 4
0 0 4 3 4 1 3 0 2
0 2 4 3 0 3 1 4 0
0 4 0 2 4 4 0 2 2
0 4 2 4 2 2 0 0 4
0 3 1 5 4 1 3 3 0
0 3 3 1 0 5 3 1 4
0 1 3 5 2 5 5 3 2

Matrix 23:
0 0 0 0 0 0 0 0 0
0 0 0 1 2 3 3 4 4
0 0 4 3 4 1 3 0 2
0 3 0 4 3 2 0 4 1
0 3 4 2 1 4 0 0 3
0 2 2 4 0 0 2 4 4
0 2 4 0 4 4 2 2 0
0 4 2 1 4 1 5 2 4
0 5 2 4 1 4 4 2 1

Matrix 24:
0 0 0 0 0 0 0 0 0
0 0 0 1 2 3 3 4 4
0 0 4 3 4 1 3 0 2
0 4 0 3 4 3 1 2 0
0 3 3 5 1 3 3 0 0
0 2 4 2 0 4 0 4 2
0 4 2 2 0 0 4 2 4
0 1 3 5 3 5 1 2 4
0 3 1 5 3 1 5 4 2

Matrix 25:
0 0 0 0 0 0 0 0 0
0 0 0 1 2 3 3 4 4
0 0 4 3 4 1 3 0 2
0 4 0 3 4 3 1 2 0
0 2 4 2 0 4 0 4 2
0 4 2 2 0 0 4 2 4
0 2 4 5 2 5 3 2 0
0 4 2 5 2 3 5 0 2
0 2 2 5 4 1 1 4 4

Matrix 26:
0 0 0 0 0 0 0 0 0
0 0 0 1 2 3 3 4 4
0 0 4 3 4 1 3 0 2
0 4 2 3 0 3 1 0 4
0 3 0 3 0 5 3 3 1
0 2 4 4 2 2 0 4 0
0 4 2 0 4 2 4 2 0
0 1 2 5 4 5 1 3 3
0 3 4 1 2 5 5 1 3

Matrix 27:
0 0 0 0 0 0 0 0 0
0 0 0 1 2 3 3 4 4
0 0 4 3 4 1 3 0 2
0 4 2 3 0 3 1 0 4
0 2 4 4 2 2 0 4 0
0 4 2 0 4 2 4 2 0
0 2 2 5 0 5 3 4 2
0 4 0 3 2 5 5 2 2
0 2 4 1 4 5 1 2 4

Matrix 28:
0 0 0 0 0 0 0 0 0
0 0 0 1 2 3 3 4 4
0 1 2 4 0 0 4 3 3
0 3 0 4 2 4 0 1 3
0 4 2 3 0 3 1 4 0
0 4 2 0 4 2 4 0 2
0 4 4 2 2 0 4 2 0
0 1 4 4 4 2 2 1 5
0 2 4 1 4 5 1 4 2

Matrix 29:
0 0 0 0 0 0 0 0 0
0 0 0 1 2 3 3 4 4
0 2 4 3 0 1 3 0 4
0 4 0 3 4 3 1 0 2
0 0 3 3 0 3 5 3 1
0 2 4 0 4 4 2 2 0
0 4 2 4 2 0 2 4 0
0 2 1 5 4 1 5 3 3
0 4 3 1 2 5 5 1 3

Matrix 30:
0 0 0 0 0 0 0 0 0
0 0 0 1 2 3 3 4 4
0 2 4 3 0 1 3 0 4
0 4 0 3 4 3 1 0 2
0 2 4 0 4 4 2 2 0
0 4 2 4 2 0 2 4 0
0 0 4 3 2 5 5 2 2
0 2 2 5 0 3 5 4 2
0 4 2 1 4 1 5 2 4

Matrix 31:
0 0 0 0 0 0 0 0 0
0 0 0 1 2 3 3 4 4
0 2 4 3 0 1 3 0 4
0 4 2 3 0 3 1 4 0
0 2 4 0 4 4 2 2 0
0 4 2 0 4 2 4 0 2
0 0 4 3 3 1 5 3 1
0 4 0 3 3 5 1 1 3
0 2 2 5 1 5 5 3 3

Matrix 32:
0 0 0 0 0 0 0 0 0
0 0 0 1 2 3 3 4 4
0 2 4 3 0 1 3 0 4
0 0 2 4 0 4 4 2 2
0 2 0 4 4 2 0 4 2
0 2 4 0 4 4 2 2 0
0 4 2 4 2 0 2 4 0
0 4 4 2 2 4 0 0 2
0 4 2 1 4 1 5 2 4

Matrix 33:
0 0 0 0 0 0 0 0 0
0 0 0 1 2 3 3 4 4
0 3 3 2 1 0 0 4 4
0 0 2 4 4 0 2 2 4
0 2 0 4 4 2 0 4 2
0 2 4 5 2 5 3 0 2
0 3 5 2 5 4 2 2 0
0 4 2 5 2 3 5 2 0
0 5 3 2 5 2 4 0 2

Matrix 34:
0 0 0 0 0 0 0 0 0
0 0 0 1 2 3 3 4 4
0 4 4 3 2 1 3 0 0
0 0 3 3 5 3 1 0 3
0 2 0 4 4 0 2 4 2
0 4 2 0 4 4 2 2 0
0 2 4 1 4 1 5 2 4
0 2 3 5 1 3 5 4 1
0 4 1 3 1 5 5 2 3

Matrix 35:
0 0 0 0 0 0 0 0 0
0 0 0 1 2 3 3 4 4
0 0 3 3 0 3 5 1 3
0 2 4 0 4 2 4 2 0
0 4 2 4 2 2 0 4 0
0 2 2 5 0 5 3 4 2
0 4 2 1 4 5 1 2 4
0 2 5 3 4 1 1 5 3
0 4 5 3 2 5 3 1 1

Matrix 36:
0 0 0 0 0 0 0 0 0
0 0 0 1 2 3 3 4 4
0 0 3 3 5 1 3 0 3
0 2 4 2 0 4 0 4 2
0 4 4 2 2 0 4 2 0
0 2 0 5 4 5 3 2 2
0 4 2 5 2 3 5 0 2
0 2 3 5 3 1 1 4 5
0 4 1 3 5 3 1 2 5

Matrix 37:
0 0 0 0 0 0 0 0 0
0 0 0 1 2 3 3 4 4
0 0 2 4 4 0 2 2 4
0 2 0 4 4 2 0 4 2
0 2 4 2 0 4 0 2 4
0 4 2 2 0 0 4 4 2
0 4 4 2 4 2 2 0 0
0 2 4 5 2 5 3 0 2
0 4 2 5 2 3 5 2 0

Matrix 38:
0 0 0 0 0 0 0 0 0
0 0 0 1 2 3 3 4 4
0 0 2 4 4 0 2 2 4
0 4 2 2 0 0 4 4 2
0 3 3 1 5 3 1 0 4
0 3 5 3 3 1 1 4 0
0 2 4 5 2 5 3 0 2
0 4 2 5 2 3 5 2 0
0 1 5 3 5 3 5 2 2

Matrix 39:
0 0 0 0 0 0 0 0 0
0 0 0 1 2 3 3 4 4
0 2 4 2 0 0 4 2 4
0 4 2 4 2 0 2 0 4
0 0 4 3 3 5 1 3 1
0 4 0 3 5 3 3 1 1
0 2 4 5 2 3 5 0 2
0 4 2 1 4 1 5 4 2
0 2 2 5 5 3 1 3 5

Matrix 40:
0 0 0 0 0 0 0 0 0
0 0 0 1 2 3 3 4 4
0 2 4 4 2 0 2 0 4
0 4 2 2 0 0 4 2 4
0 0 4 3 5 3 3 1 1
0 4 0 3 3 5 1 3 1
0 4 2 5 2 3 5 0 2
0 2 4 1 4 1 5 4 2
0 2 2 5 5 3 1 3 5

Matrix 41:
0 0 0 0 0 0 0 0 0
0 0 0 1 2 3 3 4 4
0 2 4 4 2 0 2 0 4
0 4 2 4 2 2 0 4 0
0 0 2 4 5 2 4 1 3
0 2 0 4 5 4 2 3 1
0 4 4 2 1 4 4 1 1
0 2 4 1 4 1 5 4 2
0 4 2 1 4 5 1 2 4

Matrix 42:
0 0 0 0 0 0 0 0 0
0 0 0 1 3 3 3 3 5
0 2 4 0 0 2 4 4 2
0 4 2 0 4 4 0 2 2
0 0 4 3 2 5 4 1 2
0 4 0 3 4 1 2 5 2
0 2 4 3 5 3 1 1 5
0 4 2 3 1 1 5 3 5
0 2 2 5 2 5 2 5 4

Matrix 43:
0 0 0 0 0 0 0 0 0
0 0 0 1 3 3 3 3 5
0 2 4 0 0 2 4 4 2
0 4 2 2 0 0 2 4 4
0 0 4 3 2 5 0 3 2
0 4 0 3 4 1 4 1 2
0 2 4 3 5 3 1 1 5
0 4 2 5 3 3 1 5 1
0 2 2 5 2 5 4 1 4

Matrix 44:
0 0 0 0 0 0 0 0 0
0 0 0 1 3 3 3 3 5
0 2 4 0 0 2 4 4 2
0 4 2 4 2 2 0 4 0
0 2 0 4 3 0 2 5 3
0 0 2 4 1 4 4 1 3
0 4 4 2 3 0 4 1 1
0 2 4 3 5 3 1 1 5
0 4 2 1 5 5 1 3 3

Matrix 45:
0 0 0 0 0 0 0 0 0
0 0 0 1 3 3 3 3 5
0 2 4 2 0 0 2 4 4
0 4 2 0 0 2 4 4 2
0 4 0 3 2 5 0 3 2
0 0 4 3 4 1 4 1 2
0 2 4 5 3 3 1 5 1
0 4 2 3 5 3 1 1 5
0 2 2 5 2 5 4 1 4

Matrix 46:
0 0 0 0 0 0 0 0 0
0 0 0 1 3 3 3 3 5
0 2 4 2 0 0 2 4 4
0 4 2 2 2 4 0 0 4
0 0 2 4 5 2 3 0 3
0 2 0 4 3 0 5 2 3
0 2 4 5 3 3 1 5 1
0 4 2 5 1 5 3 3 1
0 4 4 2 5 2 5 2 1

Matrix 47:
0 0 0 0 0 0 0 0 0
0 0 0 1 3 3 3 3 5
0 2 4 4 0 2 2 4 0
0 4 2 0 4 0 2 4 2
0 0 2 4 2 3 0 5 3
0 2 0 4 4 1 4 1 3
0 4 4 2 4 3 0 1 1
0 2 4 1 1 5 5 3 3
0 4 2 3 1 5 3 1 5

Matrix 48:
0 0 0 0 0 0 0 0 0
0 0 0 1 3 3 3 3 5
0 2 4 4 0 2 2 4 0
0 4 2 4 2 0 4 2 0
0 0 4 3 3 5 2 0 2
0 2 2 5 3 3 0 0 4
0 4 0 3 5 3 0 2 2
0 2 4 1 1 5 5 3 3
0 4 2 1 5 1 3 5 3

Matrix 49:
0 0 0 0 0 0 0 0 0
0 0 0 1 3 3 3 3 5
0 2 4 4 0 2 2 4 0
0 4 2 4 2 0 4 2 0
0 0 2 4 2 4 1 5 3
0 2 0 4 4 2 5 1 3
0 4 4 2 4 4 1 1 1
0 2 4 1 1 5 5 3 3
0 4 2 1 5 1 3 5 3

Matrix 50:
0 0 0 0 0 0 0 0 0
0 0 0 2 2 2 4 4 4
0 0 0 4 4 4 2 2 2
0 2 4 0 2 4 0 2 4
0 2 4 2 4 0 4 0 2
0 2 4 4 0 2 2 4 0
0 4 2 0 4 2 0 4 2
0 4 2 2 0 4 4 2 0
0 4 2 4 2 0 2 0 4

Matrix 51:
0 0 0 0 0 0 0 0 0
0 0 0 2 2 2 4 4 4
0 0 0 4 4 4 2 2 2
0 2 4 0 2 4 0 2 4
0 2 4 2 4 0 4 0 2
0 2 4 4 0 2 2 4 0
0 4 2 0 4 2 2 0 4
0 4 2 2 0 4 0 4 2
0 4 2 4 2 0 4 2 0

Matrix 52:
0 0 0 0 0 0 0 0 0
0 0 0 2 2 2 4 4 4
0 0 0 4 4 4 2 2 2
0 2 4 0 2 4 0 2 4
0 2 4 2 4 0 4 0 2
0 2 4 4 0 2 2 4 0
0 4 2 0 4 2 4 2 0
0 4 2 2 0 4 2 0 4
0 4 2 4 2 0 0 4 2

Matrix 53:
0 0 0 0 0 0 0 0 0
0 0 0 2 2 2 4 4 4
0 0 0 4 4 4 2 2 2
0 2 4 0 2 4 0 2 4
0 2 4 2 4 0 4 0 2
0 2 4 4 0 2 2 4 0
0 4 2 0 4 2 1 5 3
0 4 2 2 0 4 5 3 1
0 4 2 4 2 0 3 1 5

Matrix 54:
0 0 0 0 0 0 0 0 0
0 0 0 2 2 2 4 4 4
0 0 0 4 4 4 2 2 2
0 2 4 0 2 4 0 2 4
0 2 4 2 4 0 4 0 2
0 2 4 4 0 2 2 4 0
0 4 2 0 4 2 3 1 5
0 4 2 2 0 4 1 5 3
0 4 2 4 2 0 5 3 1

Matrix 55:
0 0 0 0 0 0 0 0 0
0 0 0 2 2 2 4 4 4
0 0 0 4 4 4 2 2 2
0 2 4 0 2 4 0 2 4
0 2 4 2 4 0 4 0 2
0 2 4 4 0 2 2 4 0
0 4 2 0 4 2 5 3 1
0 4 2 2 0 4 3 1 5
0 4 2 4 2 0 1 5 3

Matrix 56:
0 0 0 0 0 0 0 0 0
0 0 0 2 2 2 4 4 4
0 0 0 4 4 4 2 2 2
0 2 4 0 2 4 0 2 4
0 2 4 2 4 0 4 0 2
0 2 4 4 0 2 2 4 0
0 4 2 1 5 3 0 4 2
0 4 2 3 1 5 4 2 0
0 4 2 5 3 1 2 0 4

Matrix 57:
0 0 0 0 0 0 0 0 0
0 0 0 2 2 2 4 4 4
0 0 0 4 4 4 2 2 2
0 2 4 0 2 4 0 2 4
0 2 4 2 4 0 4 0 2
0 2 4 4 0 2 2 4 0
0 4 2 1 5 3 2 0 4
0 4 2 3 1 5 0 4 2
0 4 2 5 3 1 4 2 0

Matrix 58:
0 0 0 0 0 0 0 0 0
0 0 0 2 2 2 4 4 4
0 0 0 4 4 4 2 2 2
0 2 4 0 2 4 0 2 4
0 2 4 2 4 0 4 0 2
0 2 4 4 0 2 2 4 0
0 4 2 1 5 3 4 2 0
0 4 2 3 1 5 2 0 4
0 4 2 5 3 1 0 4 2

Matrix 59:
0 0 0 0 0 0 0 0 0
0 0 0 2 2 2 4 4 4
0 0 0 4 4 4 2 2 2
0 2 4 0 2 4 0 2 4
0 2 4 2 4 0 4 0 2
0 2 4 4 0 2 2 4 0
0 4 2 1 5 3 1 5 3
0 4 2 3 1 5 5 3 1
0 4 2 5 3 1 3 1 5

Matrix 60:
0 0 0 0 0 0 0 0 0
0 0 0 2 2 2 4 4 4
0 0 0 4 4 4 2 2 2
0 2 4 0 2 4 0 2 4
0 2 4 2 4 0 4 0 2
0 2 4 4 0 2 2 4 0
0 4 2 1 5 3 3 1 5
0 4 2 3 1 5 1 5 3
0 4 2 5 3 1 5 3 1

Matrix 61:
0 0 0 0 0 0 0 0 0
0 0 0 2 2 2 4 4 4
0 0 0 4 4 4 2 2 2
0 2 4 0 2 4 0 2 4
0 2 4 2 4 0 4 0 2
0 2 4 4 0 2 2 4 0
0 4 2 1 5 3 5 3 1
0 4 2 3 1 5 3 1 5
0 4 2 5 3 1 1 5 3

Matrix 62:
0 0 0 0 0 0 0 0 0
0 0 0 2 2 2 4 4 4
0 0 0 4 4 4 2 2 2
0 2 4 0 2 4 1 3 5
0 2 4 2 4 0 5 1 3
0 2 4 4 0 2 3 5 1
0 4 2 0 4 2 1 5 3
0 4 2 2 0 4 5 3 1
0 4 2 4 2 0 3 1 5

Matrix 63:
0 0 0 0 0 0 0 0 0
0 0 0 2 2 2 4 4 4
0 0 0 4 4 4 2 2 2
0 2 4 0 2 4 1 3 5
0 2 4 2 4 0 5 1 3
0 2 4 4 0 2 3 5 1
0 4 2 0 4 2 3 1 5
0 4 2 2 0 4 1 5 3
0 4 2 4 2 0 5 3 1

Matrix 64:
0 0 0 0 0 0 0 0 0
0 0 0 2 2 2 4 4 4
0 0 0 4 4 4 2 2 2
0 2 4 0 2 4 1 3 5
0 2 4 2 4 0 5 1 3
0 2 4 4 0 2 3 5 1
0 4 2 0 4 2 5 3 1
0 4 2 2 0 4 3 1 5
0 4 2 4 2 0 1 5 3

Matrix 65:
0 0 0 0 0 0 0 0 0
0 0 0 2 2 2 4 4 4
0 0 0 4 4 4 2 2 2
0 2 4 0 2 4 1 3 5
0 2 4 2 4 0 5 1 3
0 2 4 4 0 2 3 5 1
0 4 2 1 5 3 0 4 2
0 4 2 3 1 5 4 2 0
0 4 2 5 3 1 2 0 4

Matrix 66:
0 0 0 0 0 0 0 0 0
0 0 0 2 2 2 4 4 4
0 0 0 4 4 4 2 2 2
0 2 4 0 2 4 1 3 5
0 2 4 2 4 0 5 1 3
0 2 4 4 0 2 3 5 1
0 4 2 1 5 3 2 0 4
0 4 2 3 1 5 0 4 2
0 4 2 5 3 1 4 2 0

Matrix 67:
0 0 0 0 0 0 0 0 0
0 0 0 2 2 2 4 4 4
0 0 0 4 4 4 2 2 2
0 2 4 0 2 4 1 3 5
0 2 4 2 4 0 5 1 3
0 2 4 4 0 2 3 5 1
0 4 2 1 5 3 4 2 0
0 4 2 3 1 5 2 0 4
0 4 2 5 3 1 0 4 2

Matrix 68:
0 0 0 0 0 0 0 0 0
0 0 0 2 2 2 4 4 4
0 0 0 4 4 4 2 2 2
0 2 4 0 2 4 1 3 5
0 2 4 2 4 0 5 1 3
0 2 4 4 0 2 3 5 1
0 4 2 1 5 3 1 5 3
0 4 2 3 1 5 5 3 1
0 4 2 5 3 1 3 1 5

Matrix 69:
0 0 0 0 0 0 0 0 0
0 0 0 2 2 2 4 4 4
0 0 0 4 4 4 2 2 2
0 2 4 0 2 4 1 3 5
0 2 4 2 4 0 5 1 3
0 2 4 4 0 2 3 5 1
0 4 2 1 5 3 3 1 5
0 4 2 3 1 5 1 5 3
0 4 2 5 3 1 5 3 1

Matrix 70:
0 0 0 0 0 0 0 0 0
0 0 0 2 2 2 4 4 4
0 0 0 4 4 4 2 2 2
0 2 4 0 2 4 1 3 5
0 2 4 2 4 0 5 1 3
0 2 4 4 0 2 3 5 1
0 4 2 1 5 3 5 3 1
0 4 2 3 1 5 3 1 5
0 4 2 5 3 1 1 5 3

Matrix 71:
0 0 0 0 0 0 0 0 0
0 0 0 2 2 2 4 4 4
0 0 0 4 4 4 2 2 2
0 2 4 1 3 5 0 2 4
0 2 4 3 5 1 4 0 2
0 2 4 5 1 3 2 4 0
0 4 2 0 4 2 1 5 3
0 4 2 2 0 4 5 3 1
0 4 2 4 2 0 3 1 5

Matrix 72:
0 0 0 0 0 0 0 0 0
0 0 0 2 2 2 4 4 4
0 0 0 4 4 4 2 2 2
0 2 4 1 3 5 0 2 4
0 2 4 3 5 1 4 0 2
0 2 4 5 1 3 2 4 0
0 4 2 0 4 2 3 1 5
0 4 2 2 0 4 1 5 3
0 4 2 4 2 0 5 3 1

Matrix 73:
0 0 0 0 0 0 0 0 0
0 0 0 2 2 2 4 4 4
0 0 0 4 4 4 2 2 2
0 2 4 1 3 5 0 2 4
0 2 4 3 5 1 4 0 2
0 2 4 5 1 3 2 4 0
0 4 2 0 4 2 5 3 1
0 4 2 2 0 4 3 1 5
0 4 2 4 2 0 1 5 3

Matrix 74:
0 0 0 0 0 0 0 0 0
0 0 0 2 2 2 4 4 4
0 0 0 4 4 4 2 2 2
0 2 4 1 3 5 0 2 4
0 2 4 3 5 1 4 0 2
0 2 4 5 1 3 2 4 0
0 4 2 1 5 3 0 4 2
0 4 2 3 1 5 4 2 0
0 4 2 5 3 1 2 0 4

Matrix 75:
0 0 0 0 0 0 0 0 0
0 0 0 2 2 2 4 4 4
0 0 0 4 4 4 2 2 2
0 2 4 1 3 5 0 2 4
0 2 4 3 5 1 4 0 2
0 2 4 5 1 3 2 4 0
0 4 2 1 5 3 2 0 4
0 4 2 3 1 5 0 4 2
0 4 2 5 3 1 4 2 0

Matrix 76:
0 0 0 0 0 0 0 0 0
0 0 0 2 2 2 4 4 4
0 0 0 4 4 4 2 2 2
0 2 4 1 3 5 0 2 4
0 2 4 3 5 1 4 0 2
0 2 4 5 1 3 2 4 0
0 4 2 1 5 3 4 2 0
0 4 2 3 1 5 2 0 4
0 4 2 5 3 1 0 4 2

Matrix 77:
0 0 0 0 0 0 0 0 0
0 0 0 2 2 2 4 4 4
0 0 0 4 4 4 2 2 2
0 2 4 1 3 5 0 2 4
0 2 4 3 5 1 4 0 2
0 2 4 5 1 3 2 4 0
0 4 2 1 5 3 1 5 3
0 4 2 3 1 5 5 3 1
0 4 2 5 3 1 3 1 5

Matrix 78:
0 0 0 0 0 0 0 0 0
0 0 0 2 2 2 4 4 4
0 0 0 4 4 4 2 2 2
0 2 4 1 3 5 0 2 4
0 2 4 3 5 1 4 0 2
0 2 4 5 1 3 2 4 0
0 4 2 1 5 3 3 1 5
0 4 2 3 1 5 1 5 3
0 4 2 5 3 1 5 3 1

Matrix 79:
0 0 0 0 0 0 0 0 0
0 0 0 2 2 2 4 4 4
0 0 0 4 4 4 2 2 2
0 2 4 1 3 5 0 2 4
0 2 4 3 5 1 4 0 2
0 2 4 5 1 3 2 4 0
0 4 2 1 5 3 5 3 1
0 4 2 3 1 5 3 1 5
0 4 2 5 3 1 1 5 3

Matrix 80:
0 0 0 0 0 0 0 0 0
0 0 0 2 2 2 4 4 4
0 0 0 4 4 4 2 2 2
0 2 4 1 3 5 1 3 5
0 2 4 3 5 1 5 1 3
0 2 4 5 1 3 3 5 1
0 4 2 1 5 3 1 5 3
0 4 2 3 1 5 5 3 1
0 4 2 5 3 1 3 1 5

Matrix 81:
0 0 0 0 0 0 0 0 0
0 0 0 2 2 2 4 4 4
0 0 0 4 4 4 2 2 2
0 2 4 1 3 5 1 3 5
0 2 4 3 5 1 5 1 3
0 2 4 5 1 3 3 5 1
0 4 2 1 5 3 3 1 5
0 4 2 3 1 5 1 5 3
0 4 2 5 3 1 5 3 1

Matrix 82:
0 0 0 0 0 0 0 0 0
0 0 0 2 2 2 4 4 4
0 0 0 4 4 4 2 2 2
0 2 4 1 3 5 1 3 5
0 2 4 3 5 1 5 1 3
0 2 4 5 1 3 3 5 1
0 4 2 1 5 3 5 3 1
0 4 2 3 1 5 3 1 5
0 4 2 5 3 1 1 5 3

Matrix 83:
0 0 0 0 0 0 0 0 0
0 0 0 2 2 2 4 4 4
0 0 2 0 4 4 2 2 4
0 2 0 4 0 4 2 4 2
0 2 4 0 4 2 4 0 2
0 2 4 4 2 0 0 2 4
0 4 2 2 4 0 0 4 2
0 4 2 4 0 2 4 2 0
0 4 4 2 2 4 2 0 0

Matrix 84:
0 0 0 0 0 0 0 0 0
0 0 0 2 2 2 4 4 4
0 0 2 0 4 4 2 2 4
0 2 0 4 0 4 2 4 2
0 2 4 0 4 2 4 0 2
0 2 4 4 2 0 0 2 4
0 4 3 3 0 2 2 0 5
0 4 1 3 4 0 4 2 1
0 4 3 1 2 4 0 4 1

Matrix 85:
0 0 0 0 0 0 0 0 0
0 0 0 2 2 2 4 4 4
0 0 2 0 4 4 2 2 4
0 2 0 4 0 4 2 4 2
0 2 4 0 4 2 4 0 2
0 4 2 2 4 0 0 4 2
0 3 3 5 1 2 0 3 5
0 3 5 3 3 0 2 1 5
0 5 3 3 1 4 4 1 1

Matrix 86:
0 0 0 0 0 0 0 0 0
0 0 0 2 2 2 4 4 4
0 0 2 0 4 4 2 2 4
0 2 0 4 0 4 2 4 2
0 2 4 4 2 0 0 2 4
0 4 2 4 0 2 4 2 0
0 3 3 1 5 2 0 5 3
0 5 3 3 3 0 2 5 1
0 3 5 1 3 4 4 1 1

Matrix 87:
0 0 0 0 0 0 0 0 0
0 0 0 2 2 2 4 4 4
0 0 2 0 4 4 2 2 4
0 2 0 4 0 4 2 4 2
0 4 2 2 4 0 0 4 2
0 4 2 4 0 2 4 2 0
0 3 4 0 3 2 2 5 0
0 1 4 4 3 0 4 1 2
0 3 4 2 1 4 0 1 4

Matrix 88:
0 0 0 0 0 0 0 0 0
0 0 0 2 2 2 4 4 4
0 0 2 0 4 4 2 2 4
0 2 4 0 2 4 0 4 2
0 2 4 4 0 2 2 0 4
0 4 4 2 4 2 0 2 0
0 3 1 3 0 5 5 2 3
0 5 3 3 2 5 3 0 1
0 3 1 5 4 1 3 4 1

Matrix 89:
0 0 0 0 0 0 0 0 0
0 0 0 2 2 2 4 4 4
0 0 2 0 4 4 2 2 4
0 2 4 0 2 4 0 4 2
0 4 2 2 0 4 4 0 2
0 4 4 2 4 2 0 2 0
0 3 0 4 2 5 3 2 0
0 1 4 4 4 1 3 0 2
0 3 2 4 0 1 1 4 4

Matrix 90:
0 0 0 0 0 0 0 0 0
0 0 0 2 2 2 4 4 4
0 0 2 0 4 4 2 2 4
0 2 4 4 0 2 0 2 4
0 4 2 4 2 0 4 2 0
0 4 4 2 4 2 2 0 0
0 3 0 2 4 5 0 3 2
0 3 2 0 0 3 4 5 2
0 1 4 4 2 5 2 5 2

Matrix 91:
0 0 0 0 0 0 0 0 0
0 0 0 2 2 2 4 4 4
0 0 2 0 4 4 2 2 4
0 4 2 2 0 4 0 4 2
0 4 2 4 2 0 4 2 0
0 4 4 2 4 2 2 0 0
0 2 3 5 0 2 4 0 3
0 2 5 3 4 0 0 2 3
0 2 5 5 2 4 2 4 1

Matrix 92:
0 0 0 0 0 0 0 0 0
0 0 0 2 2 2 4 4 4
0 0 2 0 4 4 2 2 4
0 2 3 5 0 2 0 4 3
0 2 5 3 4 0 2 0 3
0 4 3 3 2 0 0 2 5
0 4 1 3 0 4 2 4 1
0 4 3 1 4 2 4 0 1
0 2 5 5 2 4 4 2 1

Matrix 93:
0 0 0 0 0 0 0 0 0
0 0 0 2 2 2 4 4 4
0 0 2 0 4 4 2 2 4
0 3 0 2 4 5 0 3 2
0 3 2 0 0 3 4 5 2
0 3 3 5 2 1 0 3 5
0 3 5 3 0 3 2 1 5
0 5 3 3 4 1 4 1 1
0 1 4 4 2 5 2 5 2

Matrix 94:
0 0 0 0 0 0 0 0 0
0 0 0 2 2 2 4 4 4
0 0 2 0 4 4 2 2 4
0 3 0 4 2 5 2 3 0
0 1 4 4 4 1 0 3 2
0 3 2 4 0 1 4 1 4
0 3 3 1 2 5 0 5 3
0 5 3 3 0 3 2 5 1
0 3 5 1 4 3 4 1 1

Matrix 95:
0 0 0 0 0 0 0 0 0
0 0 0 2 2 2 4 4 4
0 0 2 0 4 4 2 2 4
0 3 4 0 2 3 2 5 0
0 1 4 4 0 3 4 1 2
0 3 4 2 4 1 0 1 4
0 3 1 3 0 5 2 5 3
0 5 3 3 2 5 0 3 1
0 3 1 5 4 1 4 3 1

Matrix 96:
0 0 0 0 0 0 0 0 0
0 0 0 2 2 2 4 4 4
0 0 2 0 4 4 2 2 4
0 4 1 3 0 4 2 4 1
0 4 3 1 4 2 4 0 1
0 3 2 4 0 1 5 2 4
0 3 4 2 2 5 1 0 4
0 1 4 4 4 1 1 4 2
0 2 5 5 2 4 4 2 1

Matrix 97:
0 0 0 0 0 0 0 0 0
0 0 0 2 2 2 4 4 4
0 0 4 2 4 4 0 2 2
0 2 2 0 0 4 4 2 4
0 2 4 0 4 2 2 4 0
0 2 4 4 2 0 4 0 2
0 4 0 4 2 4 2 2 0
0 4 2 2 4 0 2 0 4
0 4 2 4 0 2 0 4 2

Matrix 98:
0 0 0 0 0 0 0 0 0
0 0 0 2 2 2 4 4 4
0 0 4 2 4 4 0 2 2
0 2 2 0 0 4 4 2 4
0 4 2 2 4 0 2 0 4
0 4 2 4 0 2 0 4 2
0 1 3 5 3 0 3 4 1
0 3 5 3 1 4 3 0 1
0 3 5 5 3 2 1 2 5

Matrix 99:
0 0 0 0 0 0 0 0 0
0 0 0 2 2 2 4 4 4
0 0 4 2 4 4 0 2 2
0 2 4 0 2 4 2 0 4
0 4 0 4 4 2 2 0 2
0 4 2 2 0 4 2 4 0
0 1 3 5 4 1 3 3 0
0 3 3 3 0 1 5 1 4
0 3 1 5 2 5 5 3 2

Matrix 100:
0 0 0 0 0 0 0 0 0
0 0 0 2 2 2 4 4 4
0 0 4 2 4 4 0 2 2
0 2 4 4 0 2 4 0 2
0 4 0 4 4 2 2 2 0
0 4 2 4 2 0 0 4 2
0 3 1 1 4 5 3 0 3
0 3 3 1 0 3 1 4 5
0 1 3 5 2 5 3 2 5

Matrix 101:
0 0 0 0 0 0 0 0 0
0 0 0 2 2 2 4 4 4
0 0 4 2 4 4 0 2 2
0 3 0 0 3 4 2 2 5
0 3 2 0 5 2 0 4 3
0 5 2 4 3 0 2 0 3
0 3 3 3 1 0 5 2 5
0 3 5 3 5 2 3 0 1
0 1 3 5 1 4 3 4 1

Matrix 102:
0 0 0 0 0 0 0 0 0
0 0 0 2 2 2 4 4 4
0 0 4 2 4 4 0 2 2
0 3 2 2 0 5 4 0 3
0 3 0 4 4 1 4 2 1
0 1 3 5 0 3 3 2 5
0 3 5 5 2 3 1 0 3
0 3 3 1 4 1 1 4 5
0 5 2 4 2 5 2 4 1

Matrix 103:
0 0 0 0 0 0 0 0 0
0 0 0 2 2 2 4 4 4
0 0 4 2 4 4 0 2 2
0 3 4 2 0 3 2 0 5
0 3 4 4 2 1 0 4 1
0 1 3 5 2 5 3 0 3
0 3 1 5 0 3 5 2 3
0 3 1 1 4 5 3 4 1
0 5 2 4 4 1 2 2 5

Matrix 104:
0 0 0 0 0 0 0 0 0
0 0 0 2 2 2 4 4 4
0 0 4 2 4 4 0 2 2
0 3 2 2 0 5 4 1 4
0 3 4 2 4 1 2 5 0
0 2 3 5 0 2 5 4 2
0 2 5 5 2 4 3 2 0
0 4 1 5 4 2 1 2 4
0 5 2 4 2 5 2 5 2

Matrix 105:
0 0 0 0 0 0 0 0 0
0 0 0 2 2 2 4 4 4
0 2 2 0 0 4 2 4 4
0 2 4 0 4 2 4 0 2
0 2 4 4 2 0 0 2 4
0 4 0 4 2 4 2 0 2
0 3 1 3 5 0 4 3 1
0 5 3 1 3 4 0 3 1
0 5 3 3 5 2 2 1 5

Matrix 106:
0 0 0 0 0 0 0 0 0
0 0 0 2 2 2 4 4 4
0 2 2 0 0 4 2 4 4
0 2 4 2 4 0 0 2 4
0 2 4 4 0 2 4 0 2
0 4 0 2 4 4 2 0 2
0 3 1 5 3 0 4 3 1
0 5 3 3 1 4 0 3 1
0 5 3 5 3 2 2 1 5

Matrix 107:
0 0 0 0 0 0 0 0 0
0 0 0 2 2 2 4 4 4
0 2 2 0 0 4 2 4 4
0 0 3 3 4 0 2 2 5
0 3 0 4 3 0 2 5 2
0 1 4 0 3 4 4 1 2
0 3 4 4 1 2 0 1 4
0 4 1 3 0 4 4 2 1
0 4 3 1 4 2 0 4 1

Matrix 108:
0 0 0 0 0 0 0 0 0
0 0 0 2 2 2 4 4 4
0 2 2 0 0 4 2 4 4
0 2 5 3 4 0 2 0 3
0 3 4 2 5 2 0 3 0
0 4 3 5 2 2 0 0 3
0 5 2 4 3 0 2 3 0
0 2 5 5 2 4 4 2 1
0 5 2 2 5 4 4 1 2

Matrix 109:
0 0 0 0 0 0 0 0 0
0 0 0 2 2 2 4 4 4
0 2 2 0 0 4 2 4 4
0 3 4 0 3 2 0 2 5
0 4 3 3 0 2 0 5 2
0 0 3 1 4 4 4 1 2
0 1 4 4 3 0 2 4 1
0 3 0 4 1 4 4 2 1
0 4 1 3 4 0 2 1 4

Matrix 110:
0 0 0 0 0 0 0 0 0
0 0 0 2 2 2 4 4 4
0 2 2 0 0 4 2 4 4
0 1 3 3 5 0 4 1 3
0 3 1 5 3 0 4 3 1
0 3 5 1 3 4 0 1 3
0 5 3 3 1 4 0 3 1
0 3 5 3 5 2 2 5 1
0 5 3 5 3 2 2 1 5

Matrix 111:
0 0 0 0 0 0 0 0 0
0 0 0 2 2 2 4 4 4
0 2 2 0 0 4 2 4 4
0 1 3 3 5 0 4 1 3
0 3 5 1 3 4 0 1 3
0 2 5 4 3 0 2 4 1
0 4 3 2 5 2 0 4 1
0 4 1 4 1 4 4 2 1
0 5 3 5 3 2 2 1 5

Matrix 112:
0 0 0 0 0 0 0 0 0
0 0 0 2 2 2 4 4 4
0 2 2 0 0 4 2 4 4
0 2 5 3 4 0 2 1 4
0 3 4 2 5 2 0 4 1
0 4 3 5 2 2 0 1 4
0 5 2 4 3 0 2 4 1
0 1 4 4 1 4 4 2 1
0 4 1 1 4 4 4 1 2

Matrix 113:
0 0 0 0 0 0 0 0 0
0 0 0 2 2 2 4 4 4
0 2 4 0 2 4 0 2 4
0 2 4 2 4 0 4 0 2
0 4 2 0 4 2 0 4 2
0 4 2 2 0 4 4 2 0
0 0 1 4 4 5 2 2 3
0 2 5 4 0 3 2 4 1
0 4 3 4 2 1 2 0 5

Matrix 114:
0 0 0 0 0 0 0 0 0
0 0 0 2 2 2 4 4 4
0 2 4 0 2 4 0 2 4
0 2 4 2 4 0 4 0 2
0 4 2 0 4 2 0 4 2
0 4 2 2 0 4 4 2 0
0 1 1 4 5 5 2 3 3
0 3 5 4 1 3 2 5 1
0 5 3 4 3 1 2 1 5

Matrix 115:
0 0 0 0 0 0 0 0 0
0 0 0 2 2 2 4 4 4
0 2 4 0 2 4 0 2 4
0 2 4 2 4 0 4 0 2
0 4 2 0 4 2 2 0 4
0 4 2 2 0 4 0 4 2
0 2 2 4 0 0 3 3 5
0 0 4 4 4 2 1 3 1
0 4 0 4 2 4 3 1 1

Matrix 116:
0 0 0 0 0 0 0 0 0
0 0 0 2 2 2 4 4 4
0 2 4 0 2 4 0 2 4
0 2 4 2 4 0 4 0 2
0 4 2 0 4 2 2 0 4
0 4 2 4 2 0 4 2 0
0 0 2 3 5 5 1 3 3
0 2 0 5 5 3 3 3 1
0 4 4 3 1 3 1 5 1

Matrix 117:
0 0 0 0 0 0 0 0 0
0 0 0 2 2 2 4 4 4
0 2 4 0 2 4 0 2 4
0 2 4 2 4 0 4 0 2
0 4 2 2 0 4 0 4 2
0 4 2 4 2 0 4 2 0
0 0 4 3 5 3 2 2 0
0 4 0 5 3 3 2 0 2
0 2 2 5 5 1 2 4 4

Matrix 118:
0 0 0 0 0 0 0 0 0
0 0 0 2 2 2 4 4 4
0 2 4 0 2 4 0 2 4
0 2 4 2 4 0 4 0 2
0 4 2 2 0 4 2 0 4
0 4 2 4 2 0 0 4 2
0 0 4 3 5 3 1 3 1
0 4 0 5 3 3 3 1 1
0 2 2 5 5 1 3 3 5

Matrix 119:
0 0 0 0 0 0 0 0 0
0 0 0 2 2 2 4 4 4
0 2 4 0 2 4 0 2 4
0 2 4 4 0 2 2 4 0
0 4 2 0 4 2 2 0 4
0 4 2 2 0 4 0 4 2
0 0 2 5 3 5 3 3 1
0 2 0 3 5 5 3 1 3
0 4 4 3 3 1 5 1 1

Matrix 120:
0 0 0 0 0 0 0 0 0
0 0 0 2 2 2 4 4 4
0 2 4 0 2 4 0 2 4
0 2 4 4 0 2 2 4 0
0 4 2 0 4 2 2 0 4
0 4 2 4 2 0 4 2 0
0 0 4 3 3 5 2 0 2
0 4 0 3 5 3 0 2 2
0 2 2 1 5 5 4 4 2

Matrix 121:
0 0 0 0 0 0 0 0 0
0 0 0 2 2 2 4 4 4
0 2 4 0 2 4 0 2 4
0 2 4 4 0 2 2 4 0
0 4 2 0 4 2 4 2 0
0 4 2 4 2 0 0 4 2
0 0 4 3 3 5 3 1 1
0 4 0 3 5 3 1 1 3
0 2 2 1 5 5 3 5 3

Matrix 122:
0 0 0 0 0 0 0 0 0
0 0 0 2 2 2 4 4 4
0 2 4 0 2 4 0 2 4
0 2 4 4 0 2 2 4 0
0 4 2 2 0 4 0 4 2
0 4 2 4 2 0 4 2 0
0 2 2 0 4 0 3 5 3
0 0 4 2 4 4 3 1 1
0 4 0 4 4 2 1 1 3

Matrix 123:
0 0 0 0 0 0 0 0 0
0 0 0 2 2 2 4 4 4
0 2 4 0 2 4 0 2 4
0 2 4 4 0 2 2 4 0
0 4 2 2 0 4 4 2 0
0 4 2 4 2 0 2 0 4
0 0 1 5 4 4 2 3 2
0 2 5 3 4 0 4 1 2
0 4 3 1 4 2 0 5 2

Matrix 124:
0 0 0 0 0 0 0 0 0
0 0 0 2 2 2 4 4 4
0 2 4 0 2 4 0 2 4
0 2 4 4 0 2 2 4 0
0 4 2 2 0 4 4 2 0
0 4 2 4 2 0 2 0 4
0 1 1 5 4 5 3 3 2
0 3 5 3 4 1 5 1 2
0 5 3 1 4 3 1 5 2

Matrix 125:
0 0 0 0 0 0 0 0 0
0 0 0 2 2 2 4 4 4
0 4 4 2 2 4 0 0 2
0 0 3 2 5 4 2 3 0
0 2 3 0 3 0 2 5 4
0 3 0 5 2 4 3 2 0
0 3 2 3 0 0 5 2 4
0 1 4 5 4 2 5 2 2
0 4 1 4 5 2 2 5 2

Matrix 126:
0 0 0 0 0 0 0 0 0
0 0 0 2 2 2 4 4 4
0 4 4 2 2 4 0 0 2
0 1 3 3 5 0 3 5 2
0 3 1 5 3 0 5 3 2
0 3 5 3 5 2 1 3 0
0 5 3 5 3 2 3 1 0
0 1 3 5 1 4 1 3 4
0 3 1 1 5 4 3 1 4

