Matrix 1:
0 0 0 0 0 0 0 0 0 0
0 0 0 0 1 2 2 2 2 3
0 0 1 2 3 0 0 2 2 2
0 0 2 1 3 2 2 0 0 2
0 2 0 2 1 0 2 0 3 2
0 2 0 2 3 2 1 2 0 0
0 2 2 0 1 3 0 2 0 2
0 2 2 0 3 0 2 1 2 0
0 3 2 2 1 2 0 0 2 0
0 1 3 3 2 1 3 3 1 1

Matrix 2:
0 0 0 0 0 0 0 0 0 0
0 0 0 0 1 2 2 2 2 3
0 0 1 2 3 0 0 2 2 2
0 0 2 1 3 2 2 0 0 2
0 2 0 2 1 0 2 0 3 2
0 2 2 0 3 0 2 1 2 0
0 3 2 2 1 3 1 2 0 0
0 1 3 3 2 2 0 1 3 1
0 2 1 3 0 2 3 3 1 1
0 2 3 1 2 1 0 3 1 3

Matrix 3:
0 0 0 0 0 0 0 0 0 0
0 0 0 0 1 2 2 2 2 3
0 0 1 2 3 0 0 2 2 2
0 0 2 1 3 2 2 0 0 2
0 2 0 2 3 1 2 0 2 0
0 2 2 0 1 0 3 0 2 2
0 3 2 2 1 2 0 3 1 0
0 1 3 3 2 1 3 2 0 1
0 2 1 3 2 3 1 1 0 3
0 2 3 1 0 3 1 2 3 1

Matrix 4:
0 0 0 0 0 0 0 0 0 0
0 0 0 0 1 2 2 2 2 3
0 0 1 2 3 0 0 2 2 2
0 0 2 1 3 2 2 0 0 2
0 3 2 2 1 0 2 0 2 0
0 2 0 2 1 1 3 3 0 2
0 2 0 2 3 2 1 1 3 0
0 2 2 0 1 3 0 1 3 2
0 2 2 0 3 1 3 2 1 0
0 1 3 3 2 3 1 3 1 1

Matrix 5:
0 0 0 0 0 0 0 0 0 0
0 0 0 0 1 2 2 2 2 3
0 0 1 2 3 0 0 2 2 2
0 0 2 1 3 2 2 0 0 2
0 1 3 3 2 0 2 0 2 1
0 2 1 3 0 3 2 2 0 1
0 2 1 3 2 2 0 0 1 3
0 2 3 1 0 2 0 3 2 1
0 2 3 1 2 0 1 2 0 3
0 3 2 2 1 1 3 1 3 0

Matrix 6:
0 0 0 0 0 0 0 0 0 0
0 0 0 0 1 2 2 2 2 3
0 0 1 2 3 0 0 2 2 2
0 0 2 1 3 2 2 0 0 2
0 1 3 3 2 0 2 0 2 1
0 2 1 3 0 2 3 3 1 1
0 2 1 3 2 3 1 1 0 3
0 2 3 1 0 3 1 2 3 1
0 2 3 1 2 1 0 3 1 3
0 3 2 2 1 1 3 1 3 0

Matrix 7:
0 0 0 0 0 0 0 0 0 0
0 0 0 0 1 2 2 2 2 3
0 0 1 2 3 0 0 2 2 2
0 0 2 1 3 2 2 0 0 2
0 2 0 2 1 1 3 0 3 2
0 2 1 3 0 3 2 2 0 1
0 2 2 0 3 1 3 1 2 0
0 2 3 1 2 0 1 2 0 3
0 3 2 2 1 3 1 0 2 0
0 1 3 3 2 2 0 3 1 1

Matrix 8:
0 0 0 0 0 0 0 0 0 0
0 0 0 0 1 2 2 2 2 3
0 0 1 2 3 0 0 2 2 2
0 0 2 1 3 2 2 0 0 2
0 2 0 2 3 1 2 1 3 0
0 2 1 3 2 2 0 0 1 3
0 2 2 0 1 0 3 1 3 2
0 2 3 1 0 2 0 3 2 1
0 3 2 2 1 0 2 3 1 0
0 1 3 3 2 3 1 2 0 1

Matrix 9:
0 0 0 0 0 0 0 0 0 0
0 0 0 0 1 2 2 2 2 3
0 0 1 2 3 0 0 2 2 2
0 2 0 2 1 0 2 0 3 2
0 2 0 2 3 2 1 2 0 0
0 1 2 0 3 3 2 1 0 2
0 2 2 3 1 3 0 1 2 0
0 3 2 1 1 2 0 3 0 2
0 3 2 1 3 1 2 0 2 0
0 1 3 3 2 1 3 3 1 1

Matrix 10:
0 0 0 0 0 0 0 0 0 0
0 0 0 0 1 2 2 2 2 3
0 0 1 2 3 0 0 2 2 2
0 2 0 2 1 0 2 0 3 2
0 1 2 0 3 3 2 1 0 2
0 1 3 2 2 2 0 0 1 3
0 2 3 0 2 1 0 2 3 1
0 3 2 1 3 1 2 0 2 0
0 3 2 2 1 3 1 2 0 0
0 2 1 3 0 2 3 3 1 1

Matrix 11:
0 0 0 0 0 0 0 0 0 0
0 0 0 0 1 2 2 2 2 3
0 0 1 2 3 0 0 2 2 2
0 2 0 2 3 1 2 0 2 0
0 1 2 0 3 2 3 0 1 2
0 1 3 2 0 3 2 2 0 1
0 2 3 0 2 1 0 2 3 1
0 3 2 1 1 0 2 0 3 2
0 3 2 2 1 2 0 3 1 0
0 2 1 3 2 3 1 1 0 3

Matrix 12:
0 0 0 0 0 0 0 0 0 0
0 0 0 0 1 2 2 2 2 3
0 0 1 2 3 0 0 2 2 2
0 2 2 0 1 0 3 0 2 2
0 2 2 0 3 2 0 2 1 0
0 3 2 2 1 0 2 2 0 0
0 2 0 1 3 1 2 3 0 2
0 1 3 2 0 2 3 1 3 1
0 1 3 2 2 3 1 0 1 3
0 3 1 3 2 2 1 0 3 1

Matrix 13:
0 0 0 0 0 0 0 0 0 0
0 0 0 0 1 2 2 2 2 3
0 0 1 2 3 0 0 2 2 2
0 3 2 2 1 0 2 0 2 0
0 1 3 2 0 3 2 2 0 1
0 1 3 2 2 2 0 0 1 3
0 2 0 1 3 1 2 0 3 2
0 2 2 0 1 3 0 1 3 2
0 2 2 0 3 1 3 2 1 0
0 3 1 3 2 2 1 3 0 1

Matrix 14:
0 0 0 0 0 0 0 0 0 0
0 0 0 0 1 2 2 2 2 3
0 0 1 2 3 0 0 2 2 2
0 1 2 0 3 2 3 0 1 2
0 2 0 2 1 1 3 0 3 2
0 2 0 2 3 2 1 3 1 0
0 2 2 3 1 0 3 2 1 0
0 3 2 1 1 3 1 3 0 2
0 3 2 1 3 1 2 1 3 0
0 1 3 3 2 3 1 1 3 1

Matrix 15:
0 0 0 0 0 0 0 0 0 0
0 0 0 0 1 2 2 2 2 3
0 0 2 2 0 0 2 2 3 1
0 0 2 2 2 1 0 0 2 3
0 2 0 2 0 2 0 3 2 1
0 2 0 2 2 0 1 2 0 3
0 2 2 1 0 2 2 0 0 3
0 2 3 0 2 0 2 0 2 1
0 3 2 0 2 2 0 2 0 1
0 1 1 3 3 3 3 1 1 2

Matrix 16:
0 0 0 0 0 0 0 0 0 0
0 0 0 0 1 2 2 2 2 3
0 0 2 2 0 0 2 2 3 1
0 0 2 2 2 1 0 0 2 3
0 2 0 2 0 2 0 3 2 1
0 2 0 2 2 0 1 2 0 3
0 3 3 1 2 2 2 0 0 1
0 1 2 0 3 3 1 3 1 2
0 2 1 0 3 1 3 1 3 2
0 2 2 3 1 3 3 1 1 0

Matrix 17:
0 0 0 0 0 0 0 0 0 0
0 0 0 0 1 2 2 2 2 3
0 0 2 2 0 0 2 2 3 1
0 0 2 2 2 1 0 0 2 3
0 2 0 3 2 0 0 2 2 1
0 2 1 2 0 2 0 2 0 3
0 2 2 0 0 2 3 0 2 1
0 2 2 0 2 0 2 1 0 3
0 3 0 2 2 2 2 0 0 1
0 1 3 1 3 3 1 3 1 2

Matrix 18:
0 0 0 0 0 0 0 0 0 0
0 0 0 0 1 2 2 2 2 3
0 0 2 2 0 0 2 2 3 1
0 0 2 2 2 1 0 0 2 3
0 2 0 3 2 0 0 2 2 1
0 2 1 2 0 2 0 2 0 3
0 3 2 0 2 2 3 1 0 1
0 1 1 3 3 3 2 0 1 2
0 2 3 1 1 3 1 0 3 2
0 2 3 1 3 1 2 3 1 0

Matrix 19:
0 0 0 0 0 0 0 0 0 0
0 0 0 0 1 2 2 2 2 3
0 0 2 2 0 0 2 2 3 1
0 0 2 2 2 1 0 0 2 3
0 3 0 2 2 2 0 2 0 1
0 2 1 3 0 2 3 0 2 1
0 2 1 3 2 0 2 1 0 3
0 2 2 1 0 2 1 3 0 3
0 2 3 0 2 0 1 3 2 1
0 1 3 1 3 3 3 1 1 2

Matrix 20:
0 0 0 0 0 0 0 0 0 0
0 0 0 0 1 2 2 2 2 3
0 0 2 2 0 0 2 2 3 1
0 0 2 2 2 1 0 0 2 3
0 1 0 2 3 3 0 2 1 2
0 2 0 1 3 1 2 0 3 2
0 2 2 0 1 3 0 1 3 2
0 2 2 0 3 1 3 2 1 0
0 2 3 2 1 3 2 0 1 0
0 3 1 3 2 2 1 3 0 1

Matrix 21:
0 0 0 0 0 0 0 0 0 0
0 0 0 0 1 2 2 2 2 3
0 0 2 2 0 0 2 2 3 1
0 0 2 2 2 1 0 0 2 3
0 1 0 2 3 3 0 2 1 2
0 2 1 0 3 1 3 1 3 2
0 2 2 3 1 3 3 1 1 0
0 2 3 1 1 3 1 0 3 2
0 2 3 1 3 1 2 3 1 0
0 3 1 3 2 2 1 3 0 1

Matrix 22:
0 0 0 0 0 0 0 0 0 0
0 0 0 0 1 2 2 2 2 3
0 0 2 2 0 0 2 2 3 1
0 0 2 2 2 1 0 0 2 3
0 2 0 1 3 1 0 2 3 2
0 2 1 3 0 2 3 0 2 1
0 2 1 3 2 0 2 1 0 3
0 2 3 2 1 3 0 2 1 0
0 3 3 1 2 2 2 0 0 1
0 1 2 0 3 3 1 3 1 2

Matrix 23:
0 0 0 0 0 0 0 0 0 0
0 0 0 0 1 2 2 2 2 3
0 0 2 2 0 0 2 2 3 1
0 0 2 2 2 1 0 0 2 3
0 2 0 2 1 3 0 1 3 2
0 2 0 2 3 1 3 2 1 0
0 2 2 1 0 2 1 3 0 3
0 2 3 0 2 0 1 3 2 1
0 3 2 0 2 2 3 1 0 1
0 1 1 3 3 3 2 0 1 2

Matrix 24:
0 0 0 0 0 0 0 0 0 0
0 0 0 0 1 2 2 2 2 3
0 0 2 2 0 0 2 2 3 1
0 0 2 2 2 1 0 0 2 3
0 2 0 3 2 0 1 3 2 1
0 2 1 2 0 2 1 3 0 3
0 2 2 0 1 3 0 1 3 2
0 2 2 0 3 1 3 2 1 0
0 3 0 2 2 2 3 1 0 1
0 1 3 1 3 3 2 0 1 2

Matrix 25:
0 0 0 0 0 0 0 0 0 0
0 0 0 0 1 2 2 2 2 3
0 0 2 2 0 0 2 2 3 1
0 2 0 2 0 2 0 3 2 1
0 2 2 1 0 2 2 0 0 3
0 1 3 2 2 0 1 0 2 3
0 2 3 0 2 3 1 2 0 1
0 3 1 2 2 1 0 2 0 3
0 3 2 0 2 1 3 0 2 1
0 1 1 3 3 3 3 1 1 2

Matrix 26:
0 0 0 0 0 0 0 0 0 0
0 0 0 0 1 2 2 2 2 3
0 0 2 2 0 0 2 2 3 1
0 2 0 2 0 2 0 3 2 1
0 1 2 0 3 2 0 1 3 2
0 1 3 2 2 0 1 0 2 3
0 2 1 0 3 0 2 3 1 2
0 3 1 2 2 1 0 2 0 3
0 3 3 1 2 2 2 0 0 1
0 2 2 3 1 3 3 1 1 0

Matrix 27:
0 0 0 0 0 0 0 0 0 0
0 0 0 0 1 2 2 2 2 3
0 0 2 2 0 0 2 2 3 1
0 2 0 2 2 0 1 2 0 3
0 2 3 0 2 0 2 0 2 1
0 3 2 0 2 2 0 2 0 1
0 2 2 1 0 1 0 3 2 3
0 1 1 3 3 2 1 0 3 2
0 1 3 2 3 2 3 1 1 0
0 3 1 2 1 3 3 0 1 2

Matrix 28:
0 0 0 0 0 0 0 0 0 0
0 0 0 0 1 2 2 2 2 3
0 0 2 2 0 0 2 2 3 1
0 2 0 2 2 0 1 2 0 3
0 2 2 3 1 2 1 0 3 0
0 1 2 0 3 3 1 3 1 2
0 1 3 2 3 2 3 1 1 0
0 2 1 0 3 1 3 1 3 2
0 3 1 2 1 3 3 0 1 2
0 3 3 1 2 1 0 3 2 1

Matrix 29:
0 0 0 0 0 0 0 0 0 0
0 0 0 0 1 2 2 2 2 3
0 0 2 2 0 0 2 2 3 1
0 2 0 3 2 0 0 2 2 1
0 2 2 0 2 0 2 1 0 3
0 3 0 2 2 2 2 0 0 1
0 2 1 2 0 1 3 0 2 3
0 1 2 3 3 2 1 3 1 0
0 1 3 1 3 2 0 1 3 2
0 3 2 1 1 3 0 3 1 2

Matrix 30:
0 0 0 0 0 0 0 0 0 0
0 0 0 0 1 2 2 2 2 3
0 0 2 2 0 0 2 2 3 1
0 2 0 3 2 0 0 2 2 1
0 2 2 3 1 2 1 0 3 0
0 1 1 3 3 3 2 0 1 2
0 1 3 1 3 2 0 1 3 2
0 2 3 1 3 1 2 3 1 0
0 3 1 2 2 1 3 1 0 3
0 3 2 1 1 3 0 3 1 2

Matrix 31:
0 0 0 0 0 0 0 0 0 0
0 0 0 0 1 2 2 2 2 3
0 0 2 2 0 0 2 2 3 1
0 2 1 2 0 2 0 2 0 3
0 2 2 0 0 2 3 0 2 1
0 1 2 3 2 0 0 1 2 3
0 2 0 3 2 3 2 1 0 1
0 3 0 2 2 1 0 3 2 1
0 3 2 1 2 1 2 0 0 3
0 1 3 1 3 3 1 3 1 2

Matrix 32:
0 0 0 0 0 0 0 0 0 0
0 0 0 0 1 2 2 2 2 3
0 0 2 2 0 0 2 2 3 1
0 2 1 2 0 2 0 2 0 3
0 1 2 3 2 0 0 1 2 3
0 1 3 2 3 2 2 0 1 0
0 2 1 0 3 0 2 3 1 2
0 3 0 2 2 1 0 3 2 1
0 3 2 0 2 2 3 1 0 1
0 2 3 1 1 3 1 0 3 2

Matrix 33:
0 0 0 0 0 0 0 0 0 0
0 0 0 0 1 2 2 2 2 3
0 0 2 2 0 0 2 2 3 1
0 3 0 2 2 2 0 2 0 1
0 1 2 0 3 2 0 1 3 2
0 1 3 2 3 2 2 0 1 0
0 2 1 2 0 1 0 3 2 3
0 2 1 3 2 0 2 1 0 3
0 2 3 0 2 0 1 3 2 1
0 3 2 1 1 3 3 0 1 2

Matrix 34:
0 0 0 0 0 0 0 0 0 0
0 0 0 0 1 2 2 2 2 3
0 0 2 2 0 0 2 2 3 1
0 1 2 3 2 0 0 1 2 3
0 2 0 3 2 3 2 1 0 1
0 2 1 3 0 2 0 3 2 1
0 2 2 1 0 2 3 1 0 3
0 3 1 2 2 1 1 3 0 3
0 3 3 1 2 1 3 0 2 1
0 1 3 1 3 3 1 3 1 2

Matrix 35:
0 0 0 0 0 0 0 0 0 0
0 0 0 0 1 2 2 2 2 3
0 0 2 2 1 0 0 2 3 2
0 0 2 2 3 2 2 1 0 0
0 1 0 2 3 0 2 0 2 2
0 2 0 1 3 2 0 2 0 2
0 2 2 0 1 3 2 0 0 2
0 2 2 0 3 0 1 2 2 0
0 2 3 2 1 2 0 0 2 0
0 3 1 3 2 1 3 3 1 1

Matrix 36:
0 0 0 0 0 0 0 0 0 0
0 0 0 0 1 2 2 2 2 3
0 0 2 2 1 0 0 2 3 2
0 0 2 2 3 2 2 1 0 0
0 1 0 2 3 0 2 0 2 2
0 2 1 0 3 3 1 2 0 2
0 2 2 3 1 3 1 0 2 0
0 2 3 1 1 2 3 0 0 2
0 2 3 1 3 1 0 2 2 0
0 3 1 3 2 1 3 3 1 1

Matrix 37:
0 0 0 0 0 0 0 0 0 0
0 0 0 0 1 2 2 2 2 3
0 0 2 2 1 0 0 2 3 2
0 0 2 2 3 2 2 1 0 0
0 2 0 1 3 0 2 2 0 2
0 2 3 2 1 0 2 0 2 0
0 1 2 0 3 1 3 0 2 2
0 2 1 3 0 2 1 3 3 1
0 2 1 3 2 3 0 1 1 3
0 3 3 1 2 2 0 3 1 1

Matrix 38:
0 0 0 0 0 0 0 0 0 0
0 0 0 0 1 2 2 2 2 3
0 0 2 2 1 0 0 2 3 2
0 0 2 2 3 2 2 1 0 0
0 2 0 2 1 2 3 0 0 2
0 2 0 2 3 1 0 2 2 0
0 1 1 3 3 0 2 0 2 2
0 2 2 1 0 3 1 3 1 3
0 2 3 0 2 3 1 1 3 1
0 3 2 0 2 1 3 3 1 1

Matrix 39:
0 0 0 0 0 0 0 0 0 0
0 0 0 0 1 2 2 2 2 3
0 0 2 2 1 0 0 2 3 2
0 0 2 2 3 2 2 1 0 0
0 1 0 2 3 1 3 0 2 2
0 2 0 1 3 3 1 2 0 2
0 2 2 0 0 1 2 3 3 1
0 2 2 0 2 0 3 1 1 3
0 2 3 2 1 3 1 0 2 0
0 3 1 3 2 2 0 3 1 1

Matrix 40:
0 0 0 0 0 0 0 0 0 0
0 0 0 0 1 2 2 2 2 3
0 0 2 2 1 0 0 2 3 2
0 0 2 2 3 2 2 1 0 0
0 1 1 3 3 0 2 0 2 2
0 2 0 3 2 2 0 1 3 1
0 2 1 2 0 2 0 3 1 3
0 2 3 1 1 3 2 0 0 2
0 2 3 1 3 0 1 2 2 0
0 3 2 0 2 1 3 3 1 1

Matrix 41:
0 0 0 0 0 0 0 0 0 0
0 0 0 0 1 2 2 2 2 3
0 0 2 2 1 0 0 2 3 2
0 0 2 2 3 2 2 1 0 0
0 2 0 2 0 1 2 3 3 1
0 2 0 2 2 0 3 1 1 3
0 2 2 1 0 2 0 3 1 3
0 2 3 0 2 2 0 1 3 1
0 3 2 0 2 0 2 3 1 1
0 1 1 3 3 3 1 0 2 2

Matrix 42:
0 0 0 0 0 0 0 0 0 0
0 0 0 0 1 2 2 2 2 3
0 0 2 2 1 0 0 2 3 2
0 0 2 2 3 2 2 1 0 0
0 2 0 3 2 0 2 1 3 1
0 2 1 2 0 0 2 3 1 3
0 2 2 0 0 2 1 3 3 1
0 2 2 0 2 3 0 1 1 3
0 3 0 2 2 2 0 3 1 1
0 1 3 1 3 1 3 0 2 2

Matrix 43:
0 0 0 0 0 0 0 0 0 0
0 0 0 0 1 2 2 2 2 3
0 0 2 2 1 0 0 2 3 2
0 0 2 2 3 2 2 1 0 0
0 3 0 2 2 0 2 3 1 1
0 1 3 1 3 3 1 0 2 2
0 2 1 3 0 2 1 3 3 1
0 2 1 3 2 3 0 1 1 3
0 2 2 1 0 1 3 3 1 3
0 2 3 0 2 1 3 1 3 1

Matrix 44:
0 0 0 0 0 0 0 0 0 0
0 0 0 0 1 2 2 2 2 3
0 0 2 2 1 0 0 2 3 2
0 1 0 2 3 0 2 0 2 2
0 2 0 1 3 2 0 2 0 2
0 2 2 0 3 0 1 2 2 0
0 2 3 2 1 3 2 1 0 0
0 1 2 3 0 2 3 3 1 1
0 3 1 3 2 2 1 0 3 1
0 3 2 1 2 1 3 0 1 3

Matrix 45:
0 0 0 0 0 0 0 0 0 0
0 0 0 0 1 2 2 2 2 3
0 0 2 2 1 0 0 2 3 2
0 1 0 2 3 0 2 0 2 2
0 2 1 0 3 3 1 2 0 2
0 2 3 1 3 1 0 2 2 0
0 2 3 2 1 3 2 1 0 0
0 3 1 2 2 2 0 0 1 3
0 3 2 0 2 1 2 0 3 1
0 1 2 3 0 2 3 3 1 1

Matrix 46:
0 0 0 0 0 0 0 0 0 0
0 0 0 0 1 2 2 2 2 3
0 0 2 2 1 0 0 2 3 2
0 2 0 1 3 0 2 2 0 2
0 2 2 1 0 2 1 0 3 3
0 1 2 3 0 3 2 3 1 1
0 1 3 2 3 1 3 1 2 0
0 2 1 3 2 3 0 1 1 3
0 3 1 3 2 1 2 0 3 1
0 3 3 1 2 2 0 3 1 1

Matrix 47:
0 0 0 0 0 0 0 0 0 0
0 0 0 0 1 2 2 2 2 3
0 0 2 2 1 0 0 2 3 2
0 2 0 2 1 2 3 0 0 2
0 2 2 3 1 0 2 0 2 0
0 1 2 0 3 3 2 1 0 2
0 1 3 2 3 2 0 1 2 0
0 2 1 0 3 1 0 3 2 2
0 3 1 2 3 1 2 2 0 0
0 3 3 1 2 3 1 3 1 1

Matrix 48:
0 0 0 0 0 0 0 0 0 0
0 0 0 0 1 2 2 2 2 3
0 0 2 2 1 0 0 2 3 2
0 2 0 2 1 2 3 0 0 2
0 1 1 3 3 0 2 0 2 2
0 1 3 2 3 2 0 1 2 0
0 2 3 0 2 0 3 2 1 1
0 3 1 2 3 1 2 2 0 0
0 3 2 0 2 2 1 0 3 1
0 2 2 1 0 3 1 3 1 3

Matrix 49:
0 0 0 0 0 0 0 0 0 0
0 0 0 0 1 2 2 2 2 3
0 0 2 2 1 0 0 2 3 2
0 2 0 2 3 0 1 2 2 0
0 2 2 1 0 2 1 0 3 3
0 1 1 3 3 3 2 1 0 2
0 1 3 2 0 2 3 3 1 1
0 2 3 0 2 1 3 1 3 1
0 3 1 2 2 1 3 0 1 3
0 3 2 0 2 3 1 3 1 1

Matrix 50:
0 0 0 0 0 0 0 0 0 0
0 0 0 0 1 2 2 2 2 3
0 0 2 2 1 0 0 2 3 2
0 2 2 3 1 0 2 0 2 0
0 1 0 2 3 1 3 0 2 2
0 1 2 0 3 3 2 1 0 2
0 2 0 3 2 3 0 2 1 1
0 3 1 2 3 1 2 2 0 0
0 3 2 1 2 2 0 0 1 3
0 2 3 1 0 2 1 3 3 1

Matrix 51:
0 0 0 0 0 0 0 0 0 0
0 0 0 0 1 2 2 2 2 3
0 0 2 2 1 0 0 2 3 2
0 2 0 1 3 0 1 3 2 2
0 2 2 3 1 3 1 0 2 0
0 2 3 1 1 2 3 0 0 2
0 3 2 1 3 2 1 2 0 0
0 1 1 3 3 3 2 1 0 2
0 1 3 2 3 1 3 1 2 0
0 3 1 3 2 1 3 3 1 1

Matrix 52:
0 0 0 0 0 0 0 0 0 0
0 0 0 0 1 2 2 2 2 3
0 0 2 2 2 0 0 1 2 3
0 2 0 2 0 0 3 2 2 1
0 2 3 0 2 2 0 0 2 1
0 3 2 0 2 0 2 2 0 1
0 2 2 1 0 1 2 0 3 3
0 1 1 3 3 2 3 1 0 2
0 1 3 2 1 3 1 3 0 2
0 3 1 2 3 2 1 3 1 0

Matrix 53:
0 0 0 0 0 0 0 0 0 0
0 0 0 0 1 2 2 2 2 3
0 0 2 2 2 0 0 1 2 3
0 2 0 2 0 0 3 2 2 1
0 2 2 3 1 2 3 1 0 0
0 1 2 0 3 1 3 3 1 2
0 1 3 2 1 3 1 3 0 2
0 2 1 0 3 3 1 1 3 2
0 3 1 2 3 2 1 3 1 0
0 3 3 1 2 1 2 0 3 1

Matrix 54:
0 0 0 0 0 0 0 0 0 0
0 0 0 0 1 2 2 2 2 3
0 0 2 2 2 0 0 1 2 3
0 2 0 2 2 1 2 0 0 3
0 2 2 1 0 2 0 2 0 3
0 1 3 2 0 2 3 0 2 1
0 2 3 0 2 0 3 2 1 1
0 3 1 2 0 0 2 2 3 1
0 3 2 0 2 2 1 0 3 1
0 1 1 3 3 3 1 3 1 2

Matrix 55:
0 0 0 0 0 0 0 0 0 0
0 0 0 0 1 2 2 2 2 3
0 0 2 2 2 0 0 1 2 3
0 2 0 2 2 1 2 0 0 3
0 1 2 0 3 3 2 1 0 2
0 1 3 2 0 2 3 0 2 1
0 2 1 0 3 1 0 3 2 2
0 3 1 2 0 0 2 2 3 1
0 3 3 1 2 2 0 2 0 1
0 2 2 3 1 3 1 3 1 0

Matrix 56:
0 0 0 0 0 0 0 0 0 0
0 0 0 0 1 2 2 2 2 3
0 0 2 2 2 0 0 1 2 3
0 2 0 3 2 0 2 0 2 1
0 2 2 0 0 3 0 2 2 1
0 3 0 2 2 2 0 2 0 1
0 2 1 2 0 2 1 0 3 3
0 1 2 3 1 1 3 3 0 2
0 1 3 1 3 3 2 1 0 2
0 3 2 1 3 1 2 3 1 0

Matrix 57:
0 0 0 0 0 0 0 0 0 0
0 0 0 0 1 2 2 2 2 3
0 0 2 2 2 0 0 1 2 3
0 2 0 3 2 0 2 0 2 1
0 2 2 3 1 2 3 1 0 0
0 1 1 3 3 2 0 3 1 2
0 1 3 1 3 3 2 1 0 2
0 2 3 1 1 1 0 3 3 2
0 3 1 2 0 3 1 2 3 1
0 3 2 1 3 1 2 3 1 0

Matrix 58:
0 0 0 0 0 0 0 0 0 0
0 0 0 0 1 2 2 2 2 3
0 0 2 2 2 0 0 1 2 3
0 2 1 2 0 0 2 2 0 3
0 2 2 0 2 2 1 0 0 3
0 1 2 3 0 3 2 0 2 1
0 2 0 3 2 3 0 2 1 1
0 3 0 2 2 1 2 0 3 1
0 3 2 1 0 2 0 2 3 1
0 1 3 1 3 1 3 3 1 2

Matrix 59:
0 0 0 0 0 0 0 0 0 0
0 0 0 0 1 2 2 2 2 3
0 0 2 2 2 0 0 1 2 3
0 2 1 2 0 0 2 2 0 3
0 1 2 3 0 3 2 0 2 1
0 1 3 2 1 2 0 3 0 2
0 2 1 0 3 1 0 3 2 2
0 3 0 2 2 1 2 0 3 1
0 3 2 0 2 3 1 2 0 1
0 2 3 1 3 2 3 1 1 0

Matrix 60:
0 0 0 0 0 0 0 0 0 0
0 0 0 0 1 2 2 2 2 3
0 0 2 2 2 0 0 1 2 3
0 3 0 2 2 0 2 2 0 1
0 1 2 0 3 3 2 1 0 2
0 1 3 2 1 2 0 3 0 2
0 2 1 2 0 1 2 0 3 3
0 2 1 3 0 3 0 2 2 1
0 2 3 0 2 1 3 0 2 1
0 3 2 1 3 2 1 3 1 0

Matrix 61:
0 0 0 0 0 0 0 0 0 0
0 0 0 0 1 2 2 2 2 3
0 0 2 2 2 0 0 1 2 3
0 1 2 3 0 2 3 0 2 1
0 2 0 3 2 0 3 2 1 1
0 2 1 3 2 2 1 0 0 3
0 2 2 1 0 1 3 2 0 3
0 3 1 2 0 3 1 2 3 1
0 3 3 1 2 1 2 0 3 1
0 1 3 1 3 3 1 3 1 2

Matrix 62:
0 0 0 0 0 0 0 0 0 0
0 0 0 0 1 2 2 2 2 3
0 0 2 2 3 0 1 2 2 0
0 1 0 2 3 2 0 0 2 2
0 2 0 1 3 0 2 2 0 2
0 2 2 0 1 0 0 3 2 2
0 2 3 2 1 3 2 0 1 0
0 1 2 3 2 1 3 1 0 3
0 3 1 3 2 2 1 3 0 1
0 3 2 1 0 2 3 1 3 1

Matrix 63:
0 0 0 0 0 0 0 0 0 0
0 0 0 0 1 2 2 2 2 3
0 0 2 2 3 0 1 2 2 0
0 1 0 2 3 2 0 0 2 2
0 2 1 0 3 0 2 3 1 2
0 2 3 1 1 0 0 2 3 2
0 2 3 2 1 3 2 0 1 0
0 3 1 2 0 2 3 2 0 1
0 3 2 0 2 2 1 0 3 1
0 1 2 3 2 1 3 1 0 3

Matrix 64:
0 0 0 0 0 0 0 0 0 0
0 0 0 0 1 2 2 2 2 3
0 0 2 2 3 0 1 2 2 0
0 2 0 1 3 0 2 0 2 2
0 2 2 1 0 2 1 3 0 3
0 1 2 3 2 1 3 0 1 3
0 1 3 2 1 3 0 1 3 2
0 2 1 3 0 3 3 2 1 1
0 3 1 3 2 2 1 0 3 1
0 3 3 1 2 1 3 2 0 1

Matrix 65:
0 0 0 0 0 0 0 0 0 0
0 0 0 0 1 2 2 2 2 3
0 0 2 2 3 0 1 2 2 0
0 2 0 2 1 0 0 2 3 2
0 2 2 1 0 2 1 0 3 3
0 1 1 3 3 3 2 1 0 2
0 1 3 2 2 1 3 0 1 3
0 2 3 0 2 3 1 3 1 1
0 3 1 2 0 2 3 3 1 1
0 3 2 0 2 1 3 1 3 1

Matrix 66:
0 0 0 0 0 0 0 0 0 0
0 0 0 0 1 2 2 2 2 3
0 0 2 2 3 0 1 2 2 0
0 2 0 2 3 2 2 0 1 0
0 2 2 3 1 2 0 2 0 0
0 1 2 0 3 3 2 1 0 2
0 1 3 2 1 3 0 0 2 2
0 2 1 0 3 1 0 3 2 2
0 3 1 2 1 0 2 3 0 2
0 3 3 1 2 1 3 1 3 1

Matrix 67:
0 0 0 0 0 0 0 0 0 0
0 0 0 0 1 2 2 2 2 3
0 0 2 2 3 0 1 2 2 0
0 2 0 2 3 2 2 0 1 0
0 1 1 3 3 2 0 2 0 2
0 1 3 2 1 3 0 0 2 2
0 2 3 0 2 0 3 2 1 1
0 3 1 2 1 0 2 3 0 2
0 3 2 0 2 2 1 0 3 1
0 2 2 1 0 1 3 1 3 3

Matrix 68:
0 0 0 0 0 0 0 0 0 0
0 0 0 0 1 2 2 2 2 3
0 0 2 2 3 0 1 2 2 0
0 2 2 3 1 2 0 0 2 0
0 1 0 2 3 2 0 1 3 2
0 1 2 0 3 3 2 0 1 2
0 2 0 3 2 0 3 2 1 1
0 3 1 2 1 0 2 0 3 2
0 3 2 1 0 2 3 2 0 1
0 2 3 1 2 1 1 3 0 3

Matrix 69:
0 0 0 0 0 0 0 0 0 0
0 0 0 0 1 2 2 2 2 3
0 0 2 2 3 0 1 2 2 0
0 2 0 1 3 1 0 2 3 2
0 2 2 3 1 2 0 1 3 0
0 2 3 1 3 2 2 0 1 0
0 3 2 1 1 0 2 0 3 2
0 1 1 3 3 3 2 1 0 2
0 1 3 2 1 3 0 3 1 2
0 3 1 3 2 1 3 3 1 1

Matrix 70:
0 0 0 0 0 0 0 0 0 0
0 0 0 0 1 2 2 2 2 3
0 0 2 3 2 0 0 2 2 1
0 0 3 2 2 2 2 0 0 1
0 1 2 2 0 0 2 0 2 3
0 2 0 2 0 2 0 3 2 1
0 2 0 2 2 0 1 2 0 3
0 2 2 0 0 3 2 2 0 1
0 2 2 0 2 2 0 0 1 3
0 3 1 1 3 1 3 1 3 2

Matrix 71:
0 0 0 0 0 0 0 0 0 0
0 0 0 0 1 2 2 2 2 3
0 0 2 3 2 0 0 2 2 1
0 0 3 2 2 2 2 0 0 1
0 1 2 2 0 0 2 0 2 3
0 2 0 2 0 3 1 2 3 1
0 2 0 2 2 1 0 3 1 3
0 2 2 0 0 2 3 3 1 1
0 2 2 0 2 3 1 1 0 3
0 3 1 1 3 1 3 1 3 2

Matrix 72:
0 0 0 0 0 0 0 0 0 0
0 0 0 0 1 2 2 2 2 3
0 0 2 3 2 0 0 2 2 1
0 0 3 2 2 2 2 0 0 1
0 2 0 2 0 0 2 2 3 1
0 2 2 0 2 0 2 1 0 3
0 1 2 2 0 1 3 0 2 3
0 2 1 3 3 2 1 3 1 0
0 2 3 1 1 3 0 3 1 2
0 3 1 1 3 2 0 1 3 2

Matrix 73:
0 0 0 0 0 0 0 0 0 0
0 0 0 0 1 2 2 2 2 3
0 0 2 3 2 0 0 2 2 1
0 0 3 2 2 2 2 0 0 1
0 2 0 2 2 0 1 0 2 3
0 2 2 0 0 3 2 0 2 1
0 1 2 2 0 2 0 1 3 3
0 2 1 3 1 1 3 3 0 2
0 2 3 1 3 1 3 2 1 0
0 3 1 1 3 3 1 2 0 2

Matrix 74:
0 0 0 0 0 0 0 0 0 0
0 0 0 0 1 2 2 2 2 3
0 0 2 3 2 0 0 2 2 1
0 0 3 2 2 2 2 0 0 1
0 1 2 2 0 0 2 1 3 3
0 2 0 2 2 0 1 3 1 3
0 2 1 3 1 2 0 0 3 2
0 2 2 0 0 3 2 3 1 1
0 2 3 1 3 2 0 1 2 0
0 3 1 1 3 1 3 2 0 2

Matrix 75:
0 0 0 0 0 0 0 0 0 0
0 0 0 0 1 2 2 2 2 3
0 0 2 3 2 0 0 2 2 1
0 0 3 2 2 2 2 0 0 1
0 1 2 2 0 1 3 0 2 3
0 2 0 2 0 3 1 3 2 1
0 2 1 3 3 1 2 2 0 0
0 2 2 0 2 3 1 0 1 3
0 2 3 1 1 0 3 2 0 2
0 3 1 1 3 2 0 1 3 2

Matrix 76:
0 0 0 0 0 0 0 0 0 0
0 0 0 0 1 2 2 2 2 3
0 0 2 3 2 0 0 2 2 1
0 0 3 2 2 2 2 0 0 1
0 2 1 3 1 0 2 0 3 2
0 2 1 3 3 2 1 2 0 0
0 2 3 1 1 3 0 2 0 2
0 2 3 1 3 0 2 1 2 0
0 3 1 1 3 2 0 0 2 2
0 1 2 2 0 1 3 3 1 3

Matrix 77:
0 0 0 0 0 0 0 0 0 0
0 0 0 0 1 2 2 2 2 3
0 0 2 3 2 0 0 2 2 1
0 0 3 2 2 2 2 0 0 1
0 3 1 1 3 0 2 0 2 2
0 1 2 2 0 3 1 3 1 3
0 2 1 3 1 1 3 3 0 2
0 2 1 3 3 2 1 1 3 0
0 2 3 1 1 3 0 1 3 2
0 2 3 1 3 1 3 2 1 0

Matrix 78:
0 0 0 0 0 0 0 0 0 0
0 0 0 0 1 2 2 2 2 3
0 0 2 3 2 0 0 2 2 1
0 1 2 2 0 0 2 0 2 3
0 2 0 2 0 2 0 3 2 1
0 2 0 2 2 0 1 2 0 3
0 2 3 0 2 3 2 0 1 1
0 1 1 3 3 2 3 1 0 2
0 3 2 1 1 1 3 3 0 2
0 3 2 1 3 2 1 1 3 0

Matrix 79:
0 0 0 0 0 0 0 0 0 0
0 0 0 0 1 2 2 2 2 3
0 0 2 3 2 0 0 2 2 1
0 1 2 2 0 0 2 0 2 3
0 2 0 2 0 3 1 2 3 1
0 2 0 2 2 1 0 3 1 3
0 2 3 0 2 3 2 0 1 1
0 3 2 1 1 2 0 0 3 2
0 3 2 1 3 1 2 2 0 0
0 1 1 3 3 2 3 1 0 2

Matrix 80:
0 0 0 0 0 0 0 0 0 0
0 0 0 0 1 2 2 2 2 3
0 0 2 3 2 0 0 2 2 1
0 2 0 2 0 0 2 2 3 1
0 2 2 3 1 2 1 0 3 0
0 1 1 3 3 3 2 0 1 2
0 1 3 2 2 1 3 1 0 3
0 2 3 1 1 3 0 3 1 2
0 3 1 1 3 2 0 1 3 2
0 3 2 1 3 1 2 3 1 0

Matrix 81:
0 0 0 0 0 0 0 0 0 0
0 0 0 0 1 2 2 2 2 3
0 0 2 3 2 0 0 2 2 1
0 2 0 2 2 0 1 0 2 3
0 2 2 3 1 2 1 3 0 0
0 1 1 3 3 2 3 0 1 2
0 1 3 2 0 3 2 1 3 1
0 2 3 1 3 1 3 2 1 0
0 3 1 1 3 3 1 2 0 2
0 3 2 1 1 1 3 0 3 2

Matrix 82:
0 0 0 0 0 0 0 0 0 0
0 0 0 0 1 2 2 2 2 3
0 0 2 3 2 0 0 2 2 1
0 2 2 0 0 2 3 0 2 1
0 2 2 0 2 0 2 1 0 3
0 1 3 2 0 3 2 2 0 1
0 1 3 2 2 2 0 0 1 3
0 2 1 2 0 1 0 2 3 3
0 3 0 2 2 1 2 0 3 1
0 3 1 1 3 3 1 3 1 2

Matrix 83:
0 0 0 0 0 0 0 0 0 0
0 0 0 0 1 2 2 2 2 3
0 0 2 3 2 0 0 2 2 1
0 2 2 0 0 2 3 0 2 1
0 1 2 2 0 0 2 1 3 3
0 1 3 2 2 2 0 0 1 3
0 2 0 1 3 0 3 2 1 2
0 3 0 2 2 1 2 0 3 1
0 3 2 1 3 2 1 2 0 0
0 2 1 3 1 3 1 3 0 2

Matrix 84:
0 0 0 0 0 0 0 0 0 0
0 0 0 0 1 2 2 2 2 3
0 0 2 3 2 0 0 2 2 1
0 2 2 0 2 0 2 0 1 3
0 1 2 2 0 1 3 2 0 3
0 1 3 2 0 3 2 0 2 1
0 2 0 1 3 3 0 2 1 2
0 3 0 2 2 1 2 3 0 1
0 3 2 1 1 2 0 0 3 2
0 2 1 3 3 2 1 1 3 0

Matrix 85:
0 0 0 0 0 0 0 0 0 0
0 0 0 0 1 2 2 2 2 3
0 0 2 3 2 0 0 2 2 1
0 2 1 2 0 0 1 2 3 3
0 2 2 0 0 2 3 1 3 1
0 2 2 0 2 3 1 0 1 3
0 3 0 2 2 2 1 0 3 1
0 1 3 2 0 3 2 3 1 1
0 1 3 2 2 1 3 1 0 3
0 3 1 1 3 1 3 3 1 2

Matrix 86:
0 0 0 0 0 0 0 0 0 0
0 0 0 0 1 2 2 2 2 3
0 1 2 2 0 0 0 2 2 3
0 2 0 2 0 2 3 0 2 1
0 2 2 0 0 3 2 2 0 1
0 0 2 3 2 2 0 3 1 1
0 0 3 2 2 0 2 1 3 1
0 2 1 3 2 0 2 0 1 3
0 2 3 1 2 2 0 1 0 3
0 3 1 1 3 1 1 3 3 2

Matrix 87:
0 0 0 0 0 0 0 0 0 0
0 0 0 0 1 2 2 2 2 3
0 1 2 2 0 0 0 2 2 3
0 2 0 2 2 0 2 0 1 3
0 2 2 0 2 2 0 1 0 3
0 0 2 3 2 3 1 0 2 1
0 0 3 2 2 1 3 2 0 1
0 2 1 3 0 3 2 2 0 1
0 2 3 1 0 2 3 0 2 1
0 3 1 1 3 1 1 3 3 2

Matrix 88:
0 0 0 0 0 0 0 0 0 0
0 0 0 0 1 2 2 2 2 3
0 1 2 2 0 0 0 2 2 3
0 0 2 3 2 0 2 1 3 1
0 0 3 2 2 2 0 3 1 1
0 2 0 2 0 2 3 1 3 1
0 2 2 0 0 3 2 3 1 1
0 2 1 3 2 1 3 0 1 3
0 2 3 1 2 3 1 1 0 3
0 3 1 1 3 1 1 3 3 2

Matrix 89:
0 0 0 0 0 0 0 0 0 0
0 0 0 0 1 2 2 2 2 3
0 1 2 2 0 0 0 2 2 3
0 2 1 3 0 2 3 0 2 1
0 2 1 3 2 0 2 1 0 3
0 2 3 1 0 3 2 2 0 1
0 2 3 1 2 2 0 0 1 3
0 0 2 3 2 3 1 3 1 1
0 0 3 2 2 1 3 1 3 1
0 3 1 1 3 1 1 3 3 2

Matrix 90:
0 0 0 0 0 0 0 0 0 0
0 0 0 0 1 2 2 2 2 3
0 1 2 2 0 0 0 2 2 3
0 0 2 3 2 1 3 1 3 1
0 0 3 2 2 3 1 3 1 1
0 2 1 3 0 2 3 3 1 1
0 2 1 3 2 3 1 1 0 3
0 2 3 1 0 3 2 1 3 1
0 2 3 1 2 1 3 0 1 3
0 3 1 1 3 1 1 3 3 2

Matrix 91:
0 0 0 0 0 0 0 0 0 0
0 0 0 0 1 2 2 2 2 3
0 2 2 3 1 0 0 2 2 0
0 1 2 0 3 1 3 1 3 2
0 1 3 2 1 3 1 0 3 2
0 1 3 2 3 1 2 3 1 0
0 2 1 0 3 3 1 3 1 2
0 3 1 2 1 1 3 3 0 2
0 3 1 2 3 2 1 1 3 0
0 3 3 1 2 3 3 1 1 1

Matrix 92:
0 0 0 0 0 0 0 0 0 0
0 0 0 0 1 2 2 2 2 3
0 0 1 2 3 0 1 2 3 2
0 0 2 1 3 2 3 0 1 2
0 1 3 3 2 0 2 0 2 1
0 2 0 2 2 1 0 3 1 3
0 2 2 0 2 3 1 1 0 3
0 2 1 3 0 3 3 2 1 1
0 2 3 1 0 2 1 3 3 1
0 3 2 2 1 1 3 1 3 0

Matrix 93:
0 0 0 0 0 0 0 0 0 0
0 0 0 0 1 2 2 2 2 3
0 0 1 2 3 0 1 2 3 2
0 0 2 1 3 2 3 0 1 2
0 1 3 3 2 2 0 2 0 1
0 2 0 2 0 1 3 3 2 1
0 2 2 0 0 3 2 1 3 1
0 2 1 3 2 0 3 1 1 3
0 2 3 1 2 1 1 0 3 3
0 3 2 2 1 3 1 3 1 0

Matrix 94:
0 0 0 0 0 0 0 0 0 0
0 0 0 0 1 2 2 2 2 3
0 0 1 2 3 0 1 2 3 2
0 0 2 1 3 2 3 0 1 2
0 2 1 3 0 3 2 0 2 1
0 2 1 3 2 2 0 1 0 3
0 3 2 2 1 1 0 3 2 0
0 1 3 3 2 0 3 2 1 1
0 2 3 1 1 3 1 3 0 2
0 2 3 1 3 1 2 1 3 0

Matrix 95:
0 0 0 0 0 0 0 0 0 0
0 0 0 0 1 2 2 2 2 3
0 0 1 2 3 0 1 2 3 2
0 0 2 1 3 2 3 0 1 2
0 2 1 3 1 0 3 0 2 2
0 2 1 3 3 2 0 2 1 0
0 3 2 2 1 3 2 1 0 0
0 1 3 3 2 2 1 0 3 1
0 2 3 1 0 1 3 2 3 1
0 2 3 1 2 0 1 3 1 3

Matrix 96:
0 0 0 0 0 0 0 0 0 0
0 0 0 0 1 2 2 2 2 3
0 0 1 2 3 0 1 2 3 2
0 0 2 1 3 2 3 0 1 2
0 2 3 1 0 0 2 3 2 1
0 2 3 1 2 1 0 2 0 3
0 3 2 2 1 3 2 1 0 0
0 1 3 3 2 2 1 0 3 1
0 2 1 3 1 3 0 3 1 2
0 2 1 3 3 1 3 1 2 0

Matrix 97:
0 0 0 0 0 0 0 0 0 0
0 0 0 0 1 2 2 2 2 3
0 0 1 2 3 0 1 2 3 2
0 0 2 1 3 2 3 0 1 2
0 2 3 1 1 0 2 0 3 2
0 2 3 1 3 2 1 2 0 0
0 3 2 2 1 1 0 3 2 0
0 1 3 3 2 0 3 2 1 1
0 2 1 3 0 2 3 1 3 1
0 2 1 3 2 3 1 0 1 3

Matrix 98:
0 0 0 0 0 0 0 0 0 0
0 0 0 0 1 2 2 2 2 3
0 0 1 2 3 0 1 2 3 2
0 0 2 3 2 1 3 0 2 1
0 2 0 2 2 1 3 1 0 3
0 2 1 0 3 3 2 0 1 2
0 3 2 1 1 2 0 3 0 2
0 1 3 2 0 3 3 2 1 1
0 2 2 3 1 3 1 1 3 0
0 2 3 1 3 1 1 3 2 0

Matrix 99:
0 0 0 0 0 0 0 0 0 0
0 0 0 0 1 2 2 2 2 3
0 0 1 2 3 0 1 2 3 2
0 0 2 3 2 1 3 0 2 1
0 2 2 0 0 3 1 3 2 1
0 2 3 2 1 1 0 2 3 0
0 3 2 1 3 2 2 1 0 0
0 1 3 2 2 3 1 0 1 3
0 2 0 1 3 1 3 3 1 2
0 2 1 3 1 3 3 1 0 2

Matrix 100:
0 0 0 0 0 0 0 0 0 0
0 0 0 0 1 2 2 2 2 3
0 0 1 2 3 0 1 2 3 2
0 0 2 3 2 2 0 3 1 1
0 2 0 2 0 3 2 3 1 1
0 2 1 0 3 2 3 1 0 2
0 3 2 1 3 1 2 0 2 0
0 1 3 2 2 0 3 1 1 3
0 2 2 3 1 3 1 1 3 0
0 2 3 1 1 1 0 3 3 2

Matrix 101:
0 0 0 0 0 0 0 0 0 0
0 0 0 0 1 2 2 2 2 3
0 0 1 2 3 0 1 2 3 2
0 0 2 3 2 2 0 3 1 1
0 2 2 0 2 1 0 1 3 3
0 2 3 2 1 0 1 3 2 0
0 3 2 1 1 3 2 0 0 2
0 1 3 2 0 2 3 1 3 1
0 2 0 1 3 1 3 3 1 2
0 2 1 3 3 3 2 1 1 0

Matrix 102:
0 0 0 0 0 0 0 0 0 0
0 0 0 0 1 2 2 2 2 3
0 0 1 2 3 0 1 2 3 2
0 0 2 3 2 2 3 1 0 1
0 1 3 2 0 3 2 0 2 1
0 2 0 2 3 1 3 2 1 0
0 2 2 1 0 2 0 1 3 3
0 2 1 3 2 3 1 0 1 3
0 2 3 0 2 1 1 3 3 1
0 3 2 1 1 0 3 3 1 2

Matrix 103:
0 0 0 0 0 0 0 0 0 0
0 0 0 0 1 2 2 2 2 3
0 0 1 2 3 0 1 2 3 2
0 0 2 3 2 2 3 1 0 1
0 1 3 2 2 1 0 0 2 3
0 2 0 3 2 0 2 3 1 1
0 2 2 0 1 3 1 0 3 2
0 2 1 2 0 3 3 1 1 3
0 2 3 1 0 1 3 2 3 1
0 3 2 1 3 2 1 3 1 0

Matrix 104:
0 0 0 0 0 0 0 0 0 0
0 0 0 0 1 2 2 2 2 3
0 0 1 2 3 0 1 2 3 2
0 0 2 3 2 3 2 0 1 1
0 1 3 2 0 2 0 3 2 1
0 2 0 3 2 1 3 2 0 1
0 2 2 0 3 2 1 1 3 0
0 2 1 2 0 3 3 1 1 3
0 2 3 1 2 0 1 3 1 3
0 3 2 1 1 1 3 0 3 2

Matrix 105:
0 0 0 0 0 0 0 0 0 0
0 0 0 0 1 2 2 2 2 3
0 0 1 2 3 0 1 2 3 2
0 0 2 3 2 3 2 0 1 1
0 1 3 2 2 2 0 1 0 3
0 2 0 2 1 0 3 3 1 2
0 2 2 1 0 3 1 0 2 3
0 2 1 3 0 2 3 1 3 1
0 2 3 0 2 1 1 3 3 1
0 3 2 1 3 1 3 2 1 0

Matrix 106:
0 0 0 0 0 0 0 0 0 0
0 0 0 0 1 2 2 2 2 3
0 0 1 2 3 0 1 2 3 2
0 1 2 3 1 3 0 0 2 2
0 2 0 2 2 1 0 3 1 3
0 2 1 0 3 2 3 1 0 2
0 3 2 0 2 0 2 3 1 1
0 1 3 2 3 3 2 1 1 0
0 2 3 1 0 2 1 3 3 1
0 3 2 2 1 1 3 1 3 0

Matrix 107:
0 0 0 0 0 0 0 0 0 0
0 0 0 0 1 2 2 2 2 3
0 0 1 2 3 0 1 2 3 2
0 1 2 3 1 3 0 0 2 2
0 2 0 3 2 2 1 3 0 1
0 2 3 1 0 0 2 3 2 1
0 3 2 2 1 3 2 1 0 0
0 1 3 1 3 2 3 1 0 2
0 2 1 3 3 1 3 1 2 0
0 3 2 1 2 1 0 3 1 3

Matrix 108:
0 0 0 0 0 0 0 0 0 0
0 0 0 0 1 2 2 2 2 3
0 0 1 2 3 0 1 2 3 2
0 1 2 3 3 2 0 1 2 0
0 2 0 2 0 1 3 3 2 1
0 2 1 0 3 3 2 0 1 2
0 3 2 0 2 1 3 2 0 1
0 1 3 2 1 3 3 1 0 2
0 2 3 1 2 1 1 0 3 3
0 3 2 2 1 3 1 3 1 0

Matrix 109:
0 0 0 0 0 0 0 0 0 0
0 0 0 0 1 2 2 2 2 3
0 0 1 2 3 0 1 2 3 2
0 1 2 3 3 2 0 1 2 0
0 2 0 3 2 1 2 0 3 1
0 2 3 1 2 1 0 2 0 3
0 3 2 2 1 3 2 1 0 0
0 1 3 1 3 3 2 0 1 2
0 2 1 3 1 3 0 3 1 2
0 3 2 1 0 1 3 3 2 1

Matrix 110:
0 0 0 0 0 0 0 0 0 0
0 0 0 0 1 2 2 2 2 3
0 0 1 2 3 0 1 2 3 2
0 1 3 2 1 2 0 0 3 2
0 2 1 3 0 3 2 0 2 1
0 2 2 1 0 3 0 2 1 3
0 3 2 0 2 2 1 3 0 1
0 1 3 3 2 0 3 2 1 1
0 2 3 1 3 1 2 1 3 0
0 3 1 2 2 1 3 0 1 3

Matrix 111:
0 0 0 0 0 0 0 0 0 0
0 0 0 0 1 2 2 2 2 3
0 0 1 2 3 0 1 2 3 2
0 1 3 2 3 2 1 0 2 0
0 2 1 3 2 2 0 1 0 3
0 2 2 1 0 0 3 1 2 3
0 3 2 0 2 1 2 0 3 1
0 1 3 3 2 0 3 2 1 1
0 2 3 1 1 3 1 3 0 2
0 3 1 2 0 2 3 3 1 1

Matrix 112:
0 0 0 0 0 0 0 0 0 0
0 0 0 0 1 2 2 2 2 3
0 0 1 2 3 0 1 2 3 2
0 1 3 3 2 0 2 0 2 1
0 2 2 0 2 3 1 1 0 3
0 2 3 2 1 1 0 2 3 0
0 3 2 1 0 2 2 0 3 1
0 1 3 1 3 2 0 3 1 2
0 2 1 3 0 3 3 2 1 1
0 3 1 2 2 1 3 0 1 3

Matrix 113:
0 0 0 0 0 0 0 0 0 0
0 0 0 0 1 2 2 2 2 3
0 0 1 2 3 0 1 2 3 2
0 1 3 3 2 2 0 2 0 1
0 2 2 0 0 3 2 1 3 1
0 2 3 2 1 0 1 3 2 0
0 3 2 1 2 2 1 0 0 3
0 1 3 1 3 1 3 0 2 2
0 2 1 3 2 0 3 1 1 3
0 3 1 2 0 2 3 3 1 1

Matrix 114:
0 0 0 0 0 0 0 0 0 0
0 0 0 0 1 2 2 2 2 3
0 0 1 2 3 0 1 2 3 2
0 2 0 2 0 3 2 3 1 1
0 2 0 2 2 1 3 1 0 3
0 3 2 1 1 2 0 3 0 2
0 3 2 1 3 1 2 0 2 0
0 1 2 0 3 3 3 1 1 2
0 1 3 3 2 1 0 3 2 1
0 2 2 3 1 3 1 1 3 0

Matrix 115:
0 0 0 0 0 0 0 0 0 0
0 0 0 0 1 2 2 2 2 3
0 0 1 2 3 0 1 2 3 2
0 2 0 3 2 0 2 3 1 1
0 2 1 3 2 2 0 1 0 3
0 3 2 1 1 3 2 0 0 2
0 3 2 2 1 1 0 3 2 0
0 1 2 3 0 3 3 1 2 1
0 1 3 1 3 2 0 3 1 2
0 2 3 1 3 1 2 1 3 0

Matrix 116:
0 0 0 0 0 0 0 0 0 0
0 0 0 0 1 2 2 2 2 3
0 0 1 2 3 0 1 2 3 2
0 2 0 3 2 1 3 2 0 1
0 2 1 3 0 3 2 0 2 1
0 3 2 1 3 2 2 1 0 0
0 3 2 2 1 1 0 3 2 0
0 1 2 3 2 3 0 1 1 3
0 1 3 1 3 1 3 0 2 2
0 2 3 1 1 3 1 3 0 2

Matrix 117:
0 0 0 0 0 0 0 0 0 0
0 0 0 0 1 2 2 2 2 3
0 0 1 2 3 0 1 2 3 2
0 2 2 0 0 3 1 3 2 1
0 2 2 0 2 1 0 1 3 3
0 3 1 3 2 2 2 0 0 1
0 3 2 2 1 0 3 2 1 0
0 1 3 2 0 2 3 1 3 1
0 1 3 2 2 3 1 0 1 3
0 2 0 1 3 1 3 3 1 2

Matrix 118:
0 0 0 0 0 0 0 0 0 0
0 0 0 0 1 2 2 2 2 3
0 0 1 2 3 0 1 2 3 2
0 2 2 1 0 2 0 1 3 3
0 2 3 1 0 0 2 3 2 1
0 3 1 2 3 2 2 0 1 0
0 3 2 0 2 1 3 2 0 1
0 1 3 2 2 0 3 1 1 3
0 1 3 3 2 2 1 0 3 1
0 2 1 3 1 3 0 3 1 2

Matrix 119:
0 0 0 0 0 0 0 0 0 0
0 0 0 0 1 2 2 2 2 3
0 0 1 2 3 0 1 2 3 2
0 2 2 1 0 3 1 0 2 3
0 2 3 1 2 1 0 2 0 3
0 3 1 2 1 2 3 0 0 2
0 3 2 0 2 0 2 3 1 1
0 1 3 2 0 3 3 2 1 1
0 1 3 3 2 2 1 0 3 1
0 2 1 3 3 1 3 1 2 0

Matrix 120:
0 0 0 0 0 0 0 0 0 0
0 0 0 0 1 2 2 2 2 3
0 0 2 2 0 1 2 3 3 1
0 0 2 2 2 0 3 1 1 3
0 1 0 2 3 3 1 0 2 2
0 2 3 1 1 0 0 2 3 2
0 2 3 1 3 2 2 1 0 0
0 2 1 0 3 1 3 3 1 2
0 2 2 3 1 3 1 3 1 0
0 3 1 3 2 2 0 1 3 1

Matrix 121:
0 0 0 0 0 0 0 0 0 0
0 0 0 0 1 2 2 2 2 3
0 0 2 2 0 1 2 3 3 1
0 0 2 2 2 0 3 1 1 3
0 2 0 1 3 1 3 0 2 2
0 2 3 2 1 3 1 0 2 0
0 3 3 1 2 2 0 2 0 1
0 1 2 0 3 3 1 1 3 2
0 2 1 3 0 3 3 2 1 1
0 2 1 3 2 1 1 3 0 3

Matrix 122:
0 0 0 0 0 0 0 0 0 0
0 0 0 0 1 2 2 2 2 3
0 0 2 2 0 1 2 3 3 1
0 0 2 2 2 0 3 1 1 3
0 2 0 2 0 3 3 1 2 1
0 2 0 2 2 1 1 0 3 3
0 3 3 1 2 2 0 2 0 1
0 1 2 0 3 3 1 1 3 2
0 2 1 0 3 1 3 3 1 2
0 2 2 3 1 3 1 3 1 0

Matrix 123:
0 0 0 0 0 0 0 0 0 0
0 0 0 0 1 2 2 2 2 3
0 0 2 2 0 1 2 3 3 1
0 1 0 2 3 0 3 1 2 2
0 1 2 0 3 3 1 2 0 2
0 2 1 3 3 2 2 0 1 0
0 2 3 0 2 1 0 3 2 1
0 2 3 2 1 3 1 1 3 0
0 3 1 2 1 3 0 3 1 2
0 3 2 1 2 1 3 1 0 3

Matrix 124:
0 0 0 0 0 0 0 0 0 0
0 0 0 0 1 2 2 2 2 3
0 0 2 2 0 1 2 3 3 1
0 1 0 2 3 0 3 1 2 2
0 2 0 1 3 2 1 3 0 2
0 2 2 0 0 3 3 2 1 1
0 3 1 3 2 2 0 0 2 1
0 1 2 3 2 0 1 3 1 3
0 2 3 2 1 3 1 1 3 0
0 3 2 1 2 1 3 1 0 3

Matrix 125:
0 0 0 0 0 0 0 0 0 0
0 0 0 0 1 2 2 2 2 3
0 0 2 2 0 1 2 3 3 1
0 1 0 2 3 3 1 0 2 2
0 1 2 0 3 0 3 2 1 2
0 2 0 3 2 1 0 2 3 1
0 2 3 1 3 2 2 1 0 0
0 2 2 3 1 3 1 3 1 0
0 3 1 2 2 1 3 0 1 3
0 3 2 1 1 3 0 1 3 2

Matrix 126:
0 0 0 0 0 0 0 0 0 0
0 0 0 0 1 2 2 2 2 3
0 0 2 2 0 1 2 3 3 1
0 1 2 3 2 0 1 0 2 3
0 1 3 2 3 2 0 2 1 0
0 2 1 2 0 3 2 1 0 3
0 2 3 1 1 0 0 2 3 2
0 2 1 0 3 1 3 3 1 2
0 3 1 3 2 2 0 1 3 1
0 3 3 1 2 3 2 0 1 1

Matrix 127:
0 0 0 0 0 0 0 0 0 0
0 0 0 0 1 2 2 2 2 3
0 0 2 2 0 1 2 3 3 1
0 1 2 3 2 0 1 0 2 3
0 2 1 0 3 2 1 3 0 2
0 2 3 2 1 3 1 2 0 0
0 3 3 1 2 2 0 0 2 1
0 1 3 1 3 0 3 2 1 2
0 2 1 3 0 3 3 1 2 1
0 3 1 2 2 1 3 1 0 3

Matrix 128:
0 0 0 0 0 0 0 0 0 0
0 0 0 0 1 2 2 2 2 3
0 0 2 2 0 1 2 3 3 1
0 1 2 3 3 2 0 1 2 0
0 1 3 2 2 0 1 2 0 3
0 2 1 3 1 0 0 3 2 2
0 2 2 1 0 3 2 0 1 3
0 2 0 1 3 1 3 1 3 2
0 3 1 3 2 3 2 1 0 1
0 3 3 1 2 2 0 3 1 1

Matrix 129:
0 0 0 0 0 0 0 0 0 0
0 0 0 0 1 2 2 2 2 3
0 0 2 2 0 1 2 3 3 1
0 1 2 3 3 2 0 1 2 0
0 2 1 0 3 1 3 2 0 2
0 2 3 2 1 0 3 2 1 0
0 3 2 0 2 3 2 0 1 1
0 1 0 2 3 3 1 3 1 2
0 2 3 1 2 1 1 0 3 3
0 3 1 2 1 3 0 1 3 2

Matrix 130:
0 0 0 0 0 0 0 0 0 0
0 0 0 0 1 2 2 2 2 3
0 0 2 2 0 1 2 3 3 1
0 1 2 3 3 2 0 1 2 0
0 2 2 0 2 1 1 3 0 3
0 2 3 2 1 0 3 2 1 0
0 3 2 1 1 3 0 0 2 2
0 1 0 2 3 3 1 3 1 2
0 2 0 1 3 1 3 1 3 2
0 3 1 3 2 3 2 1 0 1

Matrix 131:
0 0 0 0 0 0 0 0 0 0
0 0 0 0 1 2 2 2 2 3
0 0 2 2 1 0 1 3 3 2
0 0 2 2 3 3 2 1 1 0
0 1 1 3 3 2 0 0 2 2
0 2 0 2 1 3 3 1 0 2
0 2 0 2 3 1 1 2 3 0
0 2 2 1 0 1 3 3 1 3
0 2 3 0 2 3 1 3 1 1
0 3 2 0 2 1 3 1 3 1

Matrix 132:
0 0 0 0 0 0 0 0 0 0
0 0 0 0 1 2 2 2 2 3
0 0 2 2 1 0 1 3 3 2
0 0 2 2 3 3 2 1 1 0
0 1 1 3 3 2 0 0 2 2
0 2 0 3 2 3 1 2 0 1
0 2 1 2 0 1 3 2 0 3
0 2 3 1 1 3 3 0 1 2
0 2 3 1 3 1 1 3 2 0
0 3 2 0 2 1 3 1 3 1

Matrix 133:
0 0 0 0 0 0 0 0 0 0
0 0 0 0 1 2 2 2 2 3
0 0 2 2 1 0 1 3 3 2
0 0 2 2 3 3 2 1 1 0
0 2 1 3 0 2 2 0 3 1
0 2 1 3 2 0 0 1 2 3
0 3 0 2 2 1 3 2 0 1
0 1 3 1 3 2 0 1 3 2
0 2 2 1 0 1 3 3 1 3
0 2 3 0 2 3 1 3 1 1

Matrix 134:
0 0 0 0 0 0 0 0 0 0
0 0 0 0 1 2 2 2 2 3
0 0 2 2 1 0 1 3 3 2
0 1 0 2 3 0 3 1 2 2
0 2 0 3 2 3 1 2 0 1
0 2 2 1 0 3 2 1 0 3
0 3 1 2 2 2 0 0 1 3
0 1 2 3 0 2 3 3 1 1
0 2 3 1 3 1 1 3 2 0
0 3 2 0 2 1 3 1 3 1

Matrix 135:
0 0 0 0 0 0 0 0 0 0
0 0 0 0 1 2 2 2 2 3
0 0 2 2 1 0 1 3 3 2
0 1 1 3 3 2 0 0 2 2
0 2 0 2 1 3 3 1 0 2
0 2 3 0 2 1 0 2 3 1
0 3 2 0 2 3 2 0 1 1
0 1 3 2 3 3 1 2 1 0
0 2 2 1 0 1 3 3 1 3
0 3 1 2 3 1 2 1 3 0

Matrix 136:
0 0 0 0 0 0 0 0 0 0
0 0 0 0 1 2 2 2 2 3
0 0 2 2 1 0 1 3 3 2
0 1 1 3 3 2 0 0 2 2
0 2 1 2 0 1 3 2 0 3
0 2 3 0 2 1 0 2 3 1
0 3 2 1 3 1 2 0 2 0
0 1 3 2 3 3 1 2 1 0
0 2 3 1 1 3 3 0 1 2
0 3 1 3 2 3 2 1 0 1

Matrix 137:
0 0 0 0 0 0 0 0 0 0
0 0 0 0 1 2 2 2 2 3
0 0 2 2 1 0 1 3 3 2
0 1 2 3 0 2 3 0 2 1
0 2 1 2 0 3 2 1 0 3
0 2 2 0 3 1 1 2 3 0
0 3 2 1 2 2 0 0 1 3
0 1 3 1 3 0 3 2 1 2
0 2 0 3 2 3 1 3 1 1
0 3 0 2 2 1 3 1 3 1

Matrix 138:
0 0 0 0 0 0 0 0 0 0
0 0 0 0 1 2 2 2 2 3
0 0 2 2 1 0 1 3 3 2
0 2 0 1 3 2 1 0 3 2
0 2 1 3 2 0 0 1 2 3
0 3 0 2 2 1 3 2 0 1
0 3 2 0 2 3 2 0 1 1
0 1 2 3 0 2 3 1 3 1
0 1 3 2 3 3 1 2 1 0
0 2 2 1 0 1 3 3 1 3

Matrix 139:
0 0 0 0 0 0 0 0 0 0
0 0 0 0 1 2 2 2 2 3
0 0 2 2 1 0 1 3 3 2
0 2 1 3 0 2 2 0 3 1
0 2 3 2 1 0 3 1 2 0
0 3 1 2 2 2 0 0 1 3
0 3 2 1 3 1 2 2 0 0
0 1 1 3 3 0 3 2 1 2
0 1 3 1 3 2 0 1 3 2
0 2 3 0 2 3 1 3 1 1

Matrix 140:
0 0 0 0 0 0 0 0 0 0
0 0 0 0 1 2 2 2 2 3
0 0 2 2 1 0 1 3 3 2
0 2 2 3 1 0 3 1 2 0
0 2 3 1 0 2 2 0 3 1
0 3 1 2 3 1 2 2 0 0
0 3 2 1 2 2 0 0 1 3
0 1 1 3 3 2 0 1 3 2
0 1 3 1 3 0 3 2 1 2
0 2 0 3 2 3 1 3 1 1

Matrix 141:
0 0 0 0 0 0 0 0 0 0
0 0 0 0 1 2 2 2 2 3
0 0 2 2 2 0 1 1 3 3
0 1 0 2 3 1 0 3 2 2
0 1 2 0 3 3 2 0 1 2
0 2 1 3 1 0 3 2 0 2
0 2 3 0 2 2 0 1 3 1
0 2 3 2 1 3 1 3 1 0
0 3 1 2 3 2 3 1 1 0
0 3 2 1 0 1 2 3 3 1

Matrix 142:
0 0 0 0 0 0 0 0 0 0
0 0 0 0 1 2 2 2 2 3
0 0 2 2 2 0 1 1 3 3
0 1 0 2 3 1 0 3 2 2
0 2 0 1 3 3 2 1 0 2
0 2 2 0 2 1 3 0 1 3
0 3 1 3 2 2 0 2 0 1
0 1 2 3 0 3 3 1 2 1
0 2 3 2 1 3 1 3 1 0
0 3 2 1 0 1 2 3 3 1

Matrix 143:
0 0 0 0 0 0 0 0 0 0
0 0 0 0 1 2 2 2 2 3
0 0 2 2 2 0 1 1 3 3
0 1 0 2 3 3 0 2 1 2
0 1 2 0 3 1 3 0 2 2
0 2 0 3 2 2 1 0 3 1
0 2 3 1 1 0 2 3 0 2
0 2 2 3 1 3 3 1 1 0
0 3 1 2 0 1 3 2 3 1
0 3 2 1 3 2 1 3 1 0

Matrix 144:
0 0 0 0 0 0 0 0 0 0
0 0 0 0 1 2 2 2 2 3
0 0 2 2 2 0 1 1 3 3
0 1 2 3 0 3 0 2 2 1
0 1 3 2 1 2 3 0 0 2
0 2 1 2 0 0 2 3 1 3
0 2 3 1 3 2 1 0 2 0
0 2 1 0 3 1 3 1 3 2
0 3 1 3 2 2 1 3 0 1
0 3 3 1 2 0 3 2 1 1

Matrix 145:
0 0 0 0 0 0 0 0 0 0
0 0 0 0 1 2 2 2 2 3
0 0 2 2 2 0 1 1 3 3
0 1 2 3 0 3 0 2 2 1
0 2 1 0 3 3 2 1 0 2
0 2 3 2 1 3 2 0 1 0
0 3 3 1 2 2 0 2 0 1
0 1 3 1 3 1 3 0 2 2
0 2 1 3 2 1 0 3 1 3
0 3 1 2 0 1 2 3 3 1

Matrix 146:
0 0 0 0 0 0 0 0 0 0
0 0 0 0 1 2 2 2 2 3
0 0 2 2 2 0 1 1 3 3
0 1 2 3 1 2 0 3 0 2
0 1 3 2 0 3 2 0 2 1
0 2 1 3 3 2 0 1 2 0
0 2 2 1 0 0 3 2 1 3
0 2 0 1 3 1 1 3 3 2
0 3 1 3 2 0 2 3 1 1
0 3 3 1 2 2 3 1 0 1

Matrix 147:
0 0 0 0 0 0 0 0 0 0
0 0 0 0 1 2 2 2 2 3
0 0 2 2 2 0 1 1 3 3
0 1 2 3 1 2 0 3 0 2
0 2 1 0 3 1 2 0 3 2
0 2 3 2 1 1 3 0 2 0
0 3 2 0 2 0 3 2 1 1
0 1 0 2 3 3 3 1 1 2
0 2 3 1 0 3 1 2 3 1
0 3 1 2 3 2 1 3 1 0

Matrix 148:
0 0 0 0 0 0 0 0 0 0
0 0 0 0 1 2 2 2 2 3
0 0 2 2 2 0 1 1 3 3
0 1 2 3 1 2 0 3 0 2
0 2 2 0 0 3 2 1 3 1
0 2 3 2 1 1 3 0 2 0
0 3 2 1 3 2 0 2 1 0
0 1 0 2 3 3 3 1 1 2
0 2 0 1 3 1 1 3 3 2
0 3 1 3 2 0 2 3 1 1

Matrix 149:
0 0 0 0 0 0 0 0 0 0
0 0 0 0 1 2 2 2 2 3
0 0 2 2 3 1 1 2 3 0
0 1 0 2 3 0 3 2 1 2
0 2 0 3 2 2 0 1 3 1
0 2 2 1 0 2 3 1 0 3
0 3 1 2 0 3 2 0 2 1
0 1 2 3 2 3 1 0 1 3
0 2 3 1 1 0 1 3 3 2
0 3 2 0 2 1 3 3 1 1

Matrix 150:
0 0 0 0 0 0 0 0 0 0
0 0 0 0 1 2 2 2 2 3
0 0 2 2 3 1 1 2 3 0
0 1 1 3 3 0 2 0 2 2
0 2 0 2 3 2 3 1 1 0
0 2 3 0 2 1 0 3 2 1
0 3 2 0 2 3 2 1 0 1
0 1 3 2 1 3 0 1 3 2
0 2 2 1 0 3 1 3 1 3
0 3 1 2 1 1 3 3 0 2

Matrix 151:
0 0 0 0 0 0 0 0 0 0
0 0 0 0 1 2 2 2 2 3
0 0 2 2 3 1 1 2 3 0
0 1 1 3 3 0 2 0 2 2
0 2 1 2 0 2 0 3 1 3
0 2 3 0 2 1 0 3 2 1
0 3 2 1 1 0 2 3 0 2
0 1 3 2 1 3 0 1 3 2
0 2 3 1 3 3 2 1 1 0
0 3 1 3 2 2 3 1 0 1

Matrix 152:
0 0 0 0 0 0 0 0 0 0
0 0 0 0 1 2 2 2 2 3
0 0 2 2 3 1 1 2 3 0
0 1 2 3 2 0 2 0 1 3
0 2 1 2 0 2 3 1 0 3
0 2 2 0 1 1 0 3 3 2
0 3 2 1 0 3 2 0 2 1
0 1 3 1 3 3 0 2 1 2
0 2 0 3 2 3 1 1 3 1
0 3 0 2 2 1 3 3 1 1

Matrix 153:
0 0 0 0 0 0 0 0 0 0
0 0 0 0 1 2 2 2 2 3
0 0 2 2 3 1 1 2 3 0
0 2 0 1 3 1 2 0 3 2
0 2 1 3 0 0 3 2 2 1
0 3 0 2 2 2 0 3 1 1
0 3 2 0 2 3 2 1 0 1
0 1 2 3 2 1 3 0 1 3
0 1 3 2 1 3 0 1 3 2
0 2 2 1 0 3 1 3 1 3

Matrix 154:
0 0 0 0 0 0 0 0 0 0
0 0 0 0 1 2 2 2 2 3
0 0 2 2 3 1 1 2 3 0
0 2 1 3 2 1 2 0 0 3
0 2 3 2 1 0 3 2 1 0
0 3 1 2 0 3 2 0 2 1
0 3 2 1 1 2 0 3 0 2
0 1 1 3 3 3 0 2 1 2
0 1 3 1 3 1 3 0 2 2
0 2 3 0 2 3 1 1 3 1

Matrix 155:
0 0 0 0 0 0 0 0 0 0
0 0 0 0 1 2 2 2 2 3
0 0 2 2 3 1 1 2 3 0
0 2 2 3 1 0 3 2 1 0
0 2 3 1 2 1 2 0 0 3
0 3 1 2 1 2 0 3 0 2
0 3 2 1 0 3 2 0 2 1
0 1 1 3 3 1 3 0 2 2
0 1 3 1 3 3 0 2 1 2
0 2 0 3 2 3 1 1 3 1

Matrix 156:
0 0 0 0 0 0 0 0 0 0
0 0 0 0 1 2 2 2 2 3
0 0 2 3 2 0 1 2 3 1
0 0 3 2 2 2 3 0 1 1
0 1 2 2 0 1 0 3 2 3
0 2 1 3 0 2 3 2 0 1
0 2 1 3 2 0 2 0 1 3
0 2 3 1 1 0 3 1 3 2
0 2 3 1 3 3 1 2 1 0
0 3 1 1 3 2 1 0 3 2

Matrix 157:
0 0 0 0 0 0 0 0 0 0
0 0 0 0 1 2 2 2 2 3
0 0 2 3 2 0 1 2 3 1
0 0 3 2 2 2 3 0 1 1
0 1 2 2 0 1 0 3 2 3
0 2 3 1 1 3 0 2 0 2
0 2 3 1 3 0 2 1 2 0
0 2 1 3 0 3 2 3 1 1
0 2 1 3 2 1 3 1 0 3
0 3 1 1 3 2 1 0 3 2

Matrix 158:
0 0 0 0 0 0 0 0 0 0
0 0 0 0 1 2 2 2 2 3
0 0 2 3 2 0 1 2 3 1
0 0 3 2 2 2 3 0 1 1
0 1 2 2 0 3 2 1 0 3
0 2 1 3 1 2 0 3 0 2
0 2 1 3 3 1 2 0 2 0
0 2 3 1 0 3 1 3 2 1
0 2 3 1 2 1 0 1 3 3
0 3 1 1 3 0 3 2 1 2

Matrix 159:
0 0 0 0 0 0 0 0 0 0
0 0 0 0 1 2 2 2 2 3
0 0 2 3 2 0 1 2 3 1
0 0 3 2 2 2 3 0 1 1
0 1 2 2 0 3 2 1 0 3
0 2 3 1 0 2 0 2 3 1
0 2 3 1 2 0 1 0 2 3
0 2 1 3 1 1 3 0 3 2
0 2 1 3 3 2 1 3 1 0
0 3 1 1 3 0 3 2 1 2

Matrix 160:
0 0 0 0 0 0 0 0 0 0
0 0 0 0 1 2 2 2 2 3
0 0 2 3 2 0 1 2 3 1
0 0 3 2 2 2 3 0 1 1
0 2 0 2 1 1 0 3 3 2
0 2 2 0 1 3 3 1 0 2
0 3 1 1 3 0 2 0 2 2
0 1 2 2 0 3 1 3 1 3
0 2 1 3 3 1 3 2 1 0
0 2 3 1 3 2 1 1 3 0

Matrix 161:
0 0 0 0 0 0 0 0 0 0
0 0 0 0 1 2 2 2 2 3
0 0 2 3 2 0 1 2 3 1
0 0 3 2 2 2 3 0 1 1
0 2 0 2 3 1 1 3 2 0
0 2 2 0 3 3 2 1 1 0
0 3 1 1 3 2 0 2 0 2
0 1 2 2 0 1 3 1 3 3
0 2 1 3 1 0 3 3 1 2
0 2 3 1 1 3 1 0 3 2

Matrix 162:
0 0 0 0 0 0 0 0 0 0
0 0 0 0 1 2 2 2 2 3
0 0 2 3 2 0 1 2 3 1
0 1 0 2 3 0 3 1 2 2
0 1 2 3 2 2 0 0 1 3
0 2 3 1 1 3 0 2 0 2
0 2 3 2 1 1 2 0 3 0
0 2 1 3 0 3 2 3 1 1
0 3 1 1 3 2 1 0 3 2
0 3 2 1 3 1 3 2 1 0

Matrix 163:
0 0 0 0 0 0 0 0 0 0
0 0 0 0 1 2 2 2 2 3
0 0 2 3 2 0 1 2 3 1
0 1 0 2 3 0 3 1 2 2
0 2 0 3 2 2 0 3 1 1
0 2 2 0 1 3 3 1 0 2
0 3 1 2 2 1 2 0 0 3
0 1 2 2 0 3 1 3 1 3
0 2 3 1 3 2 1 1 3 0
0 3 2 1 0 1 3 3 2 1

Matrix 164:
0 0 0 0 0 0 0 0 0 0
0 0 0 0 1 2 2 2 2 3
0 0 2 3 2 0 1 2 3 1
0 1 0 2 3 2 0 1 3 2
0 2 1 3 3 1 2 0 2 0
0 2 3 2 1 1 3 2 0 0
0 3 2 1 2 2 1 0 0 3
0 1 2 3 1 3 3 0 1 2
0 2 3 1 0 3 1 3 2 1
0 3 1 1 3 0 3 2 1 2

Matrix 165:
0 0 0 0 0 0 0 0 0 0
0 0 0 0 1 2 2 2 2 3
0 0 2 3 2 0 1 2 3 1
0 1 0 2 3 3 0 2 1 2
0 1 2 3 0 2 3 0 2 1
0 2 3 1 3 0 2 1 2 0
0 2 3 2 1 2 1 3 0 0
0 2 1 3 2 1 3 1 0 3
0 3 1 1 3 2 1 0 3 2
0 3 2 1 1 0 3 3 1 2

Matrix 166:
0 0 0 0 0 0 0 0 0 0
0 0 0 0 1 2 2 2 2 3
0 0 2 3 2 0 1 2 3 1
0 1 0 2 3 3 0 2 1 2
0 2 0 3 2 1 3 0 2 1
0 2 2 0 3 3 2 1 1 0
0 3 1 2 0 2 2 3 0 1
0 1 2 2 0 1 3 1 3 3
0 2 3 1 1 3 1 0 3 2
0 3 2 1 2 1 0 3 1 3

Matrix 167:
0 0 0 0 0 0 0 0 0 0
0 0 0 0 1 2 2 2 2 3
0 0 2 3 2 0 1 2 3 1
0 1 0 2 3 3 1 0 2 2
0 2 1 3 1 2 0 3 0 2
0 2 3 2 1 0 2 3 1 0
0 3 2 1 0 2 2 0 3 1
0 1 2 3 3 2 3 1 1 0
0 2 3 1 2 1 0 1 3 3
0 3 1 1 3 0 3 2 1 2

Matrix 168:
0 0 0 0 0 0 0 0 0 0
0 0 0 0 1 2 2 2 2 3
0 0 2 3 2 0 1 2 3 1
0 1 1 3 3 2 0 0 2 2
0 1 2 2 0 0 3 2 1 3
0 2 0 2 1 3 1 3 0 2
0 2 0 2 3 1 2 1 3 0
0 2 3 0 2 3 3 1 1 1
0 3 2 1 1 1 3 0 3 2
0 3 2 1 3 2 1 3 1 0

Matrix 169:
0 0 0 0 0 0 0 0 0 0
0 0 0 0 1 2 2 2 2 3
0 0 2 3 2 0 1 2 3 1
0 1 2 2 0 1 0 3 2 3
0 2 1 0 3 2 0 1 3 2
0 2 3 1 3 0 2 1 2 0
0 3 1 2 2 1 2 0 0 3
0 1 3 2 1 3 3 1 0 2
0 2 1 3 0 3 2 3 1 1
0 3 3 1 2 2 0 3 1 1

Matrix 170:
0 0 0 0 0 0 0 0 0 0
0 0 0 0 1 2 2 2 2 3
0 0 2 3 2 0 1 2 3 1
0 1 2 2 0 1 0 3 2 3
0 2 1 0 3 3 1 0 2 2
0 2 3 1 1 3 0 2 0 2
0 3 1 2 0 2 2 3 0 1
0 1 3 2 3 3 2 1 1 0
0 2 1 3 2 1 3 1 0 3
0 3 3 1 2 1 3 0 2 1

Matrix 171:
0 0 0 0 0 0 0 0 0 0
0 0 0 0 1 2 2 2 2 3
0 0 2 3 2 0 1 2 3 1
0 1 2 2 0 3 2 1 0 3
0 1 3 2 0 2 0 3 2 1
0 2 1 0 3 3 0 2 1 2
0 2 1 3 3 1 2 0 2 0
0 2 3 1 2 1 0 1 3 3
0 3 1 2 1 1 3 3 0 2
0 3 3 1 2 3 2 0 1 1

Matrix 172:
0 0 0 0 0 0 0 0 0 0
0 0 0 0 1 2 2 2 2 3
0 0 2 3 2 0 1 2 3 1
0 1 2 2 0 3 2 1 0 3
0 1 3 2 2 1 0 0 2 3
0 2 1 0 3 0 3 1 2 2
0 2 1 3 1 2 0 3 0 2
0 2 3 1 0 3 1 3 2 1
0 3 1 2 3 1 2 3 1 0
0 3 3 1 2 2 3 1 0 1

Matrix 173:
0 0 0 0 0 0 0 0 0 0
0 0 0 0 1 2 2 2 2 3
0 0 2 3 2 0 1 2 3 1
0 1 3 2 0 3 2 0 2 1
0 1 3 2 2 2 0 1 0 3
0 2 2 0 1 3 0 3 1 2
0 2 2 0 3 1 3 1 2 0
0 2 1 2 0 1 1 3 3 3
0 3 0 2 2 1 3 3 1 1
0 3 1 1 3 3 2 1 0 2

Matrix 174:
0 0 0 0 0 0 0 0 0 0
0 0 0 0 1 2 2 2 2 3
0 0 2 3 2 0 1 2 3 1
0 1 3 2 1 2 0 0 3 2
0 2 0 2 3 1 1 3 2 0
0 2 2 1 0 0 2 1 3 3
0 3 1 1 3 2 0 2 0 2
0 1 2 3 3 2 3 1 1 0
0 2 1 3 1 0 3 3 1 2
0 3 3 1 2 3 2 0 1 1

Matrix 175:
0 0 0 0 0 0 0 0 0 0
0 0 0 0 1 2 2 2 2 3
0 0 2 3 2 0 1 2 3 1
0 1 3 2 3 2 1 0 2 0
0 2 0 2 1 1 0 3 3 2
0 2 2 1 0 3 1 2 0 3
0 3 1 1 3 0 2 0 2 2
0 1 2 3 1 3 3 0 1 2
0 2 1 3 3 1 3 2 1 0
0 3 3 1 2 2 3 1 0 1

Matrix 176:
0 0 0 0 0 0 0 0 0 0
0 0 0 0 1 2 2 2 2 3
0 1 1 3 3 0 0 2 2 2
0 1 2 2 0 2 3 0 1 3
0 2 0 2 1 3 1 3 0 2
0 2 3 1 3 0 2 2 1 0
0 3 2 0 2 2 0 3 1 1
0 1 3 3 2 1 2 0 3 1
0 3 1 2 3 2 1 1 3 0
0 3 2 1 1 0 3 1 3 2

Matrix 177:
0 0 0 0 0 0 0 0 0 0
0 0 0 0 1 2 2 2 2 3
0 1 1 3 3 0 0 2 2 2
0 1 2 2 0 2 3 0 1 3
0 2 0 2 3 1 2 1 3 0
0 2 3 1 1 0 3 2 0 2
0 3 2 0 2 1 3 0 2 1
0 1 3 3 2 2 1 3 0 1
0 3 1 2 1 3 1 0 3 2
0 3 2 1 3 3 1 2 1 0

Matrix 178:
0 0 0 0 0 0 0 0 0 0
0 0 0 0 1 2 2 2 2 3
0 1 2 2 0 0 1 2 3 3
0 2 0 1 3 1 2 0 3 2
0 2 1 3 0 2 0 3 2 1
0 2 2 0 3 3 2 1 1 0
0 3 0 2 2 3 1 2 0 1
0 0 2 3 2 1 3 1 3 1
0 1 3 2 1 3 3 0 1 2
0 3 2 1 2 1 0 3 1 3

Matrix 179:
0 0 0 0 0 0 0 0 0 0
0 0 0 0 1 2 2 2 2 3
0 1 2 2 0 0 1 2 3 3
0 2 0 1 3 2 1 3 0 2
0 2 1 3 2 1 0 0 2 3
0 2 2 0 1 3 3 1 0 2
0 3 0 2 2 0 2 1 3 1
0 0 2 3 2 3 1 3 1 1
0 1 3 2 3 2 3 1 1 0
0 3 2 1 0 1 3 3 2 1

Matrix 180:
0 0 0 0 0 0 0 0 0 0
0 0 0 0 1 2 2 2 2 3
0 1 2 2 0 0 1 2 3 3
0 2 0 2 0 3 3 2 1 1
0 2 1 3 2 2 0 1 0 3
0 3 1 2 3 1 2 0 2 0
0 3 2 1 1 3 2 0 0 2
0 1 2 0 3 1 3 3 1 2
0 1 3 3 2 3 1 0 2 1
0 3 3 1 2 1 0 2 3 1

Matrix 181:
0 0 0 0 0 0 0 0 0 0
0 0 0 0 1 2 2 2 2 3
0 1 2 2 0 0 1 2 3 3
0 2 0 2 1 3 3 1 0 2
0 2 1 0 3 2 1 3 0 2
0 2 3 1 2 1 0 0 2 3
0 3 2 0 2 0 2 1 3 1
0 0 3 2 2 3 1 3 1 1
0 1 2 3 3 2 3 1 1 0
0 3 1 2 0 1 3 3 2 1

Matrix 182:
0 0 0 0 0 0 0 0 0 0
0 0 0 0 1 2 2 2 2 3
0 1 2 2 0 0 1 2 3 3
0 2 0 2 1 3 3 1 0 2
0 2 1 3 0 2 0 3 2 1
0 2 2 0 3 3 2 1 1 0
0 2 3 1 2 1 0 0 2 3
0 0 2 3 2 1 3 1 3 1
0 0 3 2 2 3 1 3 1 1
0 3 1 1 3 1 2 3 0 2

Matrix 183:
0 0 0 0 0 0 0 0 0 0
0 0 0 0 1 2 2 2 2 3
0 1 2 2 0 0 1 2 3 3
0 2 0 2 2 0 3 1 1 3
0 2 1 3 0 3 2 0 2 1
0 3 1 2 1 2 0 3 0 2
0 3 2 1 3 2 2 1 0 0
0 1 2 0 3 1 3 3 1 2
0 1 3 3 2 2 0 1 3 1
0 3 3 1 2 0 1 3 2 1

Matrix 184:
0 0 0 0 0 0 0 0 0 0
0 0 0 0 1 2 2 2 2 3
0 1 2 2 0 0 1 2 3 3
0 2 0 2 3 3 2 1 1 0
0 2 1 0 3 1 2 0 3 2
0 2 3 1 0 2 0 3 2 1
0 3 2 0 2 3 1 2 0 1
0 0 3 2 2 1 3 1 3 1
0 1 2 3 1 3 3 0 1 2
0 3 1 2 2 1 0 3 1 3

Matrix 185:
0 0 0 0 0 0 0 0 0 0
0 0 0 0 1 2 2 2 2 3
0 1 2 2 0 0 1 2 3 3
0 2 0 2 3 3 2 1 1 0
0 2 1 3 2 1 0 0 2 3
0 2 2 0 1 3 3 1 0 2
0 2 3 1 0 2 0 3 2 1
0 0 2 3 2 3 1 3 1 1
0 0 3 2 2 1 3 1 3 1
0 3 1 1 3 1 2 3 0 2

Matrix 186:
0 0 0 0 0 0 0 0 0 0
0 0 0 0 1 2 2 2 2 3
0 1 2 3 0 0 2 2 3 1
0 1 2 3 2 1 0 0 2 3
0 2 0 3 2 3 0 2 1 1
0 2 1 2 0 2 1 3 0 3
0 3 0 2 2 1 2 0 3 1
0 1 3 1 3 3 2 0 1 2
0 3 2 1 1 3 0 1 3 2
0 3 2 1 3 1 3 2 1 0

Matrix 187:
0 0 0 0 0 0 0 0 0 0
0 0 0 0 1 2 2 2 2 3
0 1 2 3 0 0 2 2 3 1
0 1 3 2 2 0 0 2 1 3
0 2 0 2 1 3 1 0 3 2
0 2 3 1 3 2 2 1 0 0
0 3 2 2 1 1 3 0 2 0
0 1 1 3 3 2 3 0 1 2
0 3 1 1 3 1 0 2 3 2
0 3 2 0 2 3 1 3 1 1

Matrix 188:
0 0 0 0 0 0 0 0 0 0
0 0 0 0 1 2 2 2 2 3
0 1 2 3 0 0 2 2 3 1
0 1 3 2 2 0 0 2 1 3
0 2 1 3 1 3 0 0 2 2
0 2 2 0 3 2 3 1 1 0
0 3 2 2 1 2 1 3 0 0
0 1 3 1 3 2 1 0 3 2
0 3 0 2 2 1 3 1 3 1
0 3 1 1 3 0 2 3 1 2

Matrix 189:
0 0 0 0 0 0 0 0 0 0
0 0 0 0 1 2 2 2 2 3
0 1 2 3 0 0 2 2 3 1
0 2 0 1 3 0 1 3 2 2
0 2 3 2 1 3 2 0 1 0
0 3 1 2 1 3 0 2 0 2
0 3 2 0 2 2 1 0 3 1
0 1 1 3 3 2 3 0 1 2
0 1 3 2 2 1 0 1 3 3
0 3 2 1 3 1 3 2 1 0

Matrix 190:
0 0 0 0 0 0 0 0 0 0
0 0 0 0 1 2 2 2 2 3
0 1 2 3 1 0 0 2 3 2
0 1 2 3 3 2 2 1 0 0
0 2 0 2 0 1 2 3 3 1
0 2 0 2 2 0 3 1 1 3
0 2 1 0 3 3 1 0 2 2
0 0 2 1 3 1 3 3 1 2
0 3 2 2 1 3 1 3 1 0
0 3 3 1 2 2 0 1 3 1

Matrix 191:
0 0 0 0 0 0 0 0 0 0
0 0 0 0 1 2 2 2 2 3
0 1 2 3 1 0 0 2 3 2
0 1 2 3 3 2 2 1 0 0
0 2 0 3 2 1 3 0 2 1
0 2 1 2 0 2 0 3 1 3
0 3 0 2 2 3 1 2 0 1
0 1 3 1 3 3 1 0 2 2
0 3 2 1 0 1 2 3 3 1
0 3 2 1 2 0 3 1 1 3

Matrix 192:
0 0 0 0 0 0 0 0 0 0
0 0 0 0 1 2 2 2 2 3
0 1 2 3 1 0 0 2 3 2
0 2 0 2 0 1 2 3 3 1
0 2 1 3 3 2 0 2 1 0
0 2 2 1 0 3 2 1 0 3
0 3 1 2 2 0 1 0 2 3
0 0 2 1 3 1 3 3 1 2
0 1 3 3 2 3 2 0 1 1
0 3 3 1 2 2 0 1 3 1

Matrix 193:
0 0 0 0 0 0 0 0 0 0
0 0 0 0 1 2 2 2 2 3
0 1 2 3 1 0 0 2 3 2
0 2 1 0 3 2 3 1 0 2
0 2 2 3 1 3 2 0 1 0
0 3 0 2 2 3 1 2 0 1
0 3 1 2 2 1 0 0 2 3
0 1 3 1 3 3 1 0 2 2
0 1 3 2 3 1 3 2 1 0
0 3 2 1 0 1 2 3 3 1

Matrix 194:
0 0 0 0 0 0 0 0 0 0
0 0 0 0 1 2 2 2 2 3
0 1 2 3 1 0 0 2 3 2
0 2 1 3 0 2 2 3 0 1
0 2 2 0 3 1 3 1 2 0
0 2 3 2 1 3 1 0 2 0
0 3 1 2 2 2 0 1 0 3
0 0 3 2 2 1 3 3 1 1
0 1 3 1 3 3 2 1 0 2
0 3 1 1 3 0 1 3 2 2

Matrix 195:
0 0 0 0 0 0 0 0 0 0
0 0 0 0 1 2 2 2 2 3
0 1 2 3 2 0 0 1 2 3
0 1 3 2 0 0 2 3 2 1
0 2 0 2 3 2 3 1 1 0
0 2 3 1 1 3 0 2 0 2
0 3 2 2 1 2 1 0 3 0
0 1 1 3 3 2 1 3 0 2
0 3 1 1 3 0 2 1 3 2
0 3 2 0 2 1 3 3 1 1

Matrix 196:
0 0 0 0 0 0 0 0 0 0
0 0 0 0 1 2 2 2 2 3
0 1 2 3 2 0 0 1 2 3
0 1 3 2 0 0 2 3 2 1
0 2 1 3 3 2 2 0 1 0
0 2 2 0 1 3 1 3 0 2
0 3 2 2 1 1 3 2 0 0
0 1 3 1 3 2 3 1 0 2
0 3 0 2 2 3 1 1 3 1
0 3 1 1 3 1 0 3 2 2

Matrix 197:
0 0 0 0 0 0 0 0 0 0
0 0 0 0 1 2 2 2 2 3
0 1 2 3 2 0 0 1 2 3
0 2 0 1 3 1 3 0 2 2
0 2 3 2 1 2 0 3 1 0
0 3 1 2 3 0 2 2 1 0
0 3 2 0 2 2 3 1 0 1
0 1 1 3 3 2 1 3 0 2
0 1 3 2 0 3 2 1 3 1
0 3 2 1 1 0 1 3 3 2

Matrix 198:
0 0 0 0 0 0 0 0 0 0
0 0 0 0 1 2 2 2 2 3
0 1 2 3 3 0 1 2 2 0
0 2 0 2 2 1 1 0 3 3
0 2 1 3 1 0 3 2 0 2
0 2 2 1 0 3 2 0 1 3
0 3 1 2 0 2 0 3 2 1
0 0 2 1 3 1 3 1 3 2
0 1 3 3 2 2 3 0 1 1
0 3 3 1 2 3 1 2 0 1

Matrix 199:
0 0 0 0 0 0 0 0 0 0
0 0 0 0 1 2 2 2 2 3
0 1 2 3 3 0 1 2 2 0
0 2 1 0 3 3 2 0 1 2
0 2 2 3 1 2 3 1 0 0
0 3 0 2 2 0 2 1 3 1
0 3 1 2 0 2 0 3 2 1
0 1 3 1 3 2 0 1 3 2
0 1 3 2 1 0 3 3 1 2
0 3 2 1 2 1 1 3 0 3

Matrix 200:
0 0 0 0 0 0 0 0 0 0
0 0 0 0 1 2 2 2 2 3
0 1 2 3 3 0 1 2 2 0
0 2 1 3 2 1 2 0 0 3
0 2 2 0 1 3 0 1 3 2
0 2 3 2 1 2 0 3 1 0
0 3 1 2 0 3 2 2 0 1
0 0 3 2 2 1 3 1 3 1
0 1 3 1 3 3 2 0 1 2
0 3 1 1 3 1 0 3 2 2

Matrix 201:
0 0 0 0 0 0 0 0 0 0
0 0 0 0 1 2 2 2 2 3
0 1 3 3 2 0 0 2 2 1
0 2 0 2 0 2 3 1 3 1
0 2 0 2 2 3 1 0 1 3
0 2 2 0 0 3 2 3 1 1
0 2 2 0 2 1 3 1 0 3
0 0 1 2 3 1 3 3 1 2
0 0 2 1 3 3 1 1 3 2
0 3 2 2 1 1 1 3 3 0

Matrix 202:
0 0 0 0 0 0 0 0 0 0
0 0 0 1 1 2 2 2 3 3
0 0 1 2 3 0 1 3 2 2
0 1 2 0 3 2 0 2 1 3
0 2 0 2 3 1 3 1 2 0
0 2 1 0 1 3 3 0 2 2
0 2 3 2 1 1 0 3 0 2
0 3 2 1 3 2 2 0 0 1
0 3 2 3 1 0 2 2 1 0
0 1 3 3 2 3 1 1 3 1

Matrix 203:
0 0 0 0 0 0 0 0 0 0
0 0 0 1 1 2 2 2 3 3
0 0 1 2 3 0 1 3 2 2
0 1 3 2 3 2 0 1 0 2
0 2 2 1 1 3 0 0 2 3
0 1 3 3 1 0 3 2 2 1
0 2 1 0 3 3 2 1 3 1
0 2 3 1 3 1 2 3 1 0
0 3 2 3 1 2 1 3 0 1
0 3 1 3 2 1 3 1 1 3

Matrix 204:
0 0 0 0 0 0 0 0 0 0
0 0 0 1 1 2 2 2 3 3
0 0 1 2 3 0 1 3 2 2
0 2 2 1 3 1 0 2 0 3
0 3 2 2 1 0 3 1 2 0
0 1 3 1 3 2 3 0 2 1
0 2 0 3 1 1 3 3 1 2
0 2 2 0 1 3 1 3 3 1
0 3 1 3 3 2 2 1 0 1
0 1 3 3 2 3 1 1 1 3

Matrix 205:
0 0 0 0 0 0 0 0 0 0
0 0 0 1 1 2 2 2 3 3
0 0 1 2 3 0 1 3 2 2
0 2 3 2 3 1 1 2 0 0
0 3 2 2 1 2 0 0 1 3
0 1 3 1 3 2 3 0 2 1
0 1 3 3 1 0 3 2 1 2
0 2 1 0 3 3 2 1 1 3
0 2 2 0 1 3 1 3 3 1
0 3 1 3 2 1 3 1 3 1

Matrix 206:
0 0 0 0 0 0 0 0 0 0
0 0 0 1 1 2 2 2 3 3
0 0 1 3 3 0 2 2 1 2
0 2 0 2 3 1 1 3 2 0
0 3 2 2 1 1 0 3 0 2
0 1 2 1 3 3 1 0 3 2
0 2 1 3 1 3 0 1 2 3
0 2 3 0 1 3 2 3 1 1
0 3 2 1 3 2 3 1 1 0
0 1 3 3 2 1 3 1 3 1

Matrix 207:
0 0 0 0 0 0 0 0 0 0
0 0 0 1 1 2 2 2 3 3
0 0 2 0 2 1 3 3 1 2
0 1 2 2 0 0 1 3 3 2
0 2 1 0 3 2 2 0 3 1
0 2 1 3 0 2 0 2 1 3
0 2 3 1 3 0 2 2 1 0
0 3 0 2 2 3 1 0 1 2
0 3 2 2 2 1 0 1 3 0
0 1 3 3 1 3 3 1 2 1

Matrix 208:
0 0 0 0 0 0 0 0 0 0
0 0 0 1 1 2 2 2 3 3
0 0 2 0 2 1 3 3 1 2
0 1 2 3 0 2 0 2 3 1
0 2 3 2 0 1 2 3 1 0
0 1 0 3 3 3 2 1 1 2
0 2 1 3 2 1 1 0 3 3
0 2 3 1 2 0 3 1 3 1
0 3 2 2 1 3 0 1 1 3
0 3 1 1 3 3 1 3 2 1

Matrix 209:
0 0 0 0 0 0 0 0 0 0
0 0 0 1 1 2 2 2 3 3
0 0 2 0 2 1 3 3 1 2
0 2 1 2 0 1 0 3 3 2
0 3 0 2 3 2 2 0 1 1
0 1 2 3 3 1 2 1 3 0
0 2 1 0 3 3 1 2 1 3
0 2 3 2 1 0 3 1 1 3
0 3 2 1 2 3 0 1 3 1
0 1 3 3 1 3 1 3 2 1

Matrix 210:
0 0 0 0 0 0 0 0 0 0
0 0 0 1 1 2 2 2 3 3
0 0 2 0 2 1 3 3 1 2
0 2 1 3 1 2 0 0 3 2
0 3 2 2 0 2 1 3 1 0
0 1 0 3 3 3 1 2 1 2
0 1 2 3 3 1 2 1 3 0
0 2 3 1 2 0 1 3 3 1
0 2 3 2 1 0 3 1 1 3
0 3 1 1 3 3 3 1 2 1

Matrix 211:
0 0 0 0 0 0 0 0 0 0
0 0 0 1 1 2 2 2 3 3
0 0 2 0 3 2 2 3 1 1
0 2 1 0 2 1 3 0 2 3
0 3 1 2 0 0 3 2 2 1
0 1 3 2 3 1 0 2 1 3
0 2 3 1 2 0 1 3 3 1
0 2 3 3 1 2 3 1 0 1
0 3 2 2 1 3 1 0 1 3
0 1 1 3 3 3 1 1 3 2

Matrix 212:
0 0 0 0 0 0 0 0 0 0
0 0 0 1 1 2 2 2 3 3
0 0 2 1 3 0 2 3 1 2
0 1 2 3 0 3 1 2 2 0
0 1 3 3 2 2 1 0 0 2
0 2 0 1 3 2 0 3 2 1
0 2 1 3 0 1 3 2 0 2
0 2 2 1 2 0 0 1 3 3
0 3 1 3 2 1 2 0 2 0
0 3 3 2 1 3 3 1 1 1

Matrix 213:
0 0 0 0 0 0 0 0 0 0
0 0 0 1 1 2 2 2 3 3
0 0 2 1 3 0 2 3 1 2
0 2 0 3 1 0 3 2 1 2
0 2 2 1 1 3 0 0 3 2
0 2 3 1 3 2 0 2 1 0
0 3 2 3 1 2 2 0 1 0
0 1 1 3 3 3 1 1 2 3
0 1 3 3 2 1 1 3 3 1
0 3 1 2 3 1 3 1 3 1

Matrix 214:
0 0 0 0 0 0 0 0 0 0
0 0 0 1 1 2 2 2 3 3
0 0 2 1 3 0 2 3 1 2
0 2 1 0 1 3 3 0 2 2
0 3 1 2 3 2 1 0 2 0
0 1 1 3 3 1 0 2 3 2
0 2 3 1 3 2 3 1 0 1
0 2 3 2 1 0 1 3 3 1
0 3 2 3 1 1 3 2 1 0
0 1 3 3 2 3 1 1 1 3

Matrix 215:
0 0 0 0 0 0 0 0 0 0
0 0 0 1 1 2 2 2 3 3
0 0 2 1 3 0 2 3 1 2
0 2 1 2 0 3 1 0 3 2
0 3 3 2 2 2 1 0 1 0
0 1 2 3 3 1 1 2 3 0
0 1 3 3 1 3 0 2 1 2
0 2 1 0 3 2 3 1 1 3
0 2 3 1 2 0 3 1 3 1
0 3 1 3 1 1 3 3 2 1

Matrix 216:
0 0 0 0 0 0 0 0 0 0
0 0 0 1 1 2 2 2 3 3
0 0 2 1 3 0 2 3 1 2
0 2 1 3 0 1 3 2 0 2
0 3 1 3 2 1 2 0 2 0
0 1 2 3 1 3 1 0 3 2
0 1 3 3 3 2 1 2 1 0
0 2 1 1 3 3 0 1 2 3
0 2 3 1 2 1 0 3 3 1
0 3 3 2 1 3 3 1 1 1

Matrix 217:
0 0 0 0 0 0 0 0 0 0
0 0 0 1 1 2 2 2 3 3
0 0 2 1 3 0 2 3 1 2
0 2 3 0 2 1 3 2 1 0
0 3 2 2 2 1 1 0 3 0
0 1 1 3 3 1 0 2 3 2
0 2 0 2 3 3 1 1 1 3
0 2 2 1 0 3 3 1 3 1
0 3 1 3 1 2 3 0 1 2
0 1 3 3 1 3 1 3 2 1

Matrix 218:
0 0 0 0 0 0 0 0 0 0
0 0 0 1 1 2 2 2 3 3
0 0 2 1 3 0 2 3 1 2
0 2 3 2 3 1 1 2 0 0
0 3 2 2 1 3 1 0 2 0
0 1 1 3 3 2 1 0 3 2
0 1 3 3 1 3 0 2 1 2
0 2 0 1 3 3 3 1 2 1
0 2 2 0 1 1 3 3 3 1
0 3 1 3 2 1 3 1 1 3

Matrix 219:
0 0 0 0 0 0 0 0 0 0
0 0 0 1 1 2 2 2 3 3
0 0 2 2 3 0 1 2 1 3
0 1 1 0 3 2 0 3 2 2
0 2 3 2 1 1 0 3 0 2
0 2 1 3 1 0 3 1 2 3
0 2 3 1 3 2 3 1 1 0
0 3 1 2 3 1 2 0 3 1
0 3 2 0 1 3 2 3 1 1
0 1 3 3 2 3 1 1 3 1

Matrix 220:
0 0 0 0 0 0 0 0 0 0
0 0 0 1 1 2 2 2 3 3
0 0 2 2 3 0 1 2 1 3
0 1 2 0 1 3 0 3 2 2
0 2 1 0 3 3 2 1 2 0
0 1 3 2 3 2 0 1 3 1
0 2 0 1 3 1 3 3 1 2
0 2 2 3 1 1 3 1 0 3
0 3 3 2 1 3 2 0 1 1
0 3 1 3 2 1 1 3 3 1

Matrix 221:
0 0 0 0 0 0 0 0 0 0
0 0 0 1 1 2 2 2 3 3
0 0 2 2 3 0 1 2 1 3
0 1 2 0 2 1 0 3 3 2
0 2 1 0 0 3 2 3 1 2
0 2 0 3 2 1 3 1 1 3
0 2 2 3 1 3 1 1 3 0
0 3 1 2 3 1 2 0 3 1
0 3 3 2 1 2 0 3 1 1
0 1 3 1 3 3 3 1 2 1

Matrix 222:
0 0 0 0 0 0 0 0 0 0
0 0 0 1 1 2 2 2 3 3
0 0 2 2 3 0 1 2 1 3
0 1 2 0 3 2 0 2 3 1
0 2 0 2 3 0 2 1 3 1
0 2 1 0 3 2 2 0 1 3
0 2 2 2 1 1 0 0 3 3
0 1 3 3 1 3 3 1 1 2
0 3 1 3 1 3 1 3 2 1
0 3 3 1 2 1 3 3 1 1

Matrix 223:
0 0 0 0 0 0 0 0 0 0
0 0 0 1 1 2 2 2 3 3
0 0 2 2 3 0 1 2 1 3
0 1 3 0 2 2 0 3 1 2
0 2 3 2 2 1 0 1 3 0
0 1 2 0 3 3 2 1 3 1
0 2 1 3 0 2 3 1 1 3
0 2 1 3 1 0 1 3 3 2
0 3 3 2 1 3 2 0 1 1
0 3 1 1 3 1 3 3 2 1

Matrix 224:
0 0 0 0 0 0 0 0 0 0
0 0 0 1 1 2 2 2 3 3
0 0 2 2 3 0 1 2 1 3
0 1 3 0 2 3 0 2 2 1
0 2 0 3 2 2 1 0 1 3
0 2 2 1 1 0 3 0 2 3
0 2 3 2 0 3 2 1 0 1
0 3 1 2 0 2 0 3 2 1
0 3 2 0 2 1 2 3 0 1
0 1 1 3 3 1 3 1 3 2

Matrix 225:
0 0 0 0 0 0 0 0 0 0
0 0 0 1 1 2 2 2 3 3
0 0 2 2 3 0 1 2 1 3
0 1 3 0 2 3 0 2 2 1
0 2 3 2 0 3 2 1 0 1
0 2 1 3 1 3 1 0 2 3
0 2 3 1 2 1 3 0 1 3
0 3 1 0 3 2 2 3 1 1
0 3 2 2 1 1 0 3 3 1
0 1 1 3 3 1 3 1 3 2

Matrix 226:
0 0 0 0 0 0 0 0 0 0
0 0 0 1 1 2 2 2 3 3
0 0 2 2 3 1 1 3 0 2
0 1 0 2 3 0 3 1 2 2
0 1 2 0 1 3 0 3 2 2
0 2 1 0 3 2 2 0 3 1
0 2 3 1 3 2 0 2 1 0
0 2 3 3 1 0 2 2 0 1
0 3 2 2 1 1 3 0 2 0
0 3 1 3 2 3 1 1 1 3

Matrix 227:
0 0 0 0 0 0 0 0 0 0
0 0 0 1 1 2 2 2 3 3
0 0 2 2 3 1 1 3 0 2
0 1 0 3 3 0 2 2 2 1
0 2 3 2 1 1 0 3 2 0
0 1 2 3 1 3 0 1 3 2
0 2 1 1 3 3 1 0 2 3
0 2 3 1 3 2 3 1 0 1
0 3 2 0 1 3 2 3 1 1
0 3 1 3 2 1 3 1 1 3

Matrix 228:
0 0 0 0 0 0 0 0 0 0
0 0 0 1 1 2 2 2 3 3
0 0 2 2 3 1 1 3 0 2
0 1 2 0 3 1 3 2 2 0
0 2 3 2 1 0 0 2 1 3
0 2 1 1 3 3 1 0 2 3
0 2 1 3 1 1 3 0 3 2
0 3 0 2 3 2 3 1 1 1
0 3 2 0 1 3 2 3 1 1
0 1 3 3 2 3 1 1 3 1

Matrix 229:
0 0 0 0 0 0 0 0 0 0
0 0 0 1 1 2 2 2 3 3
0 0 2 2 3 1 1 3 0 2
0 2 1 0 3 1 2 3 2 0
0 3 2 3 1 2 0 2 1 0
0 1 2 1 3 3 0 1 2 3
0 2 1 3 1 3 1 0 3 2
0 2 3 1 1 0 3 3 1 2
0 3 0 2 3 3 2 1 1 1
0 1 3 3 2 1 3 1 3 1

Matrix 230:
0 0 0 0 0 0 0 0 0 0
0 0 0 1 1 2 2 2 3 3
0 0 2 3 3 1 2 2 0 1
0 1 3 2 3 2 0 1 2 0
0 2 3 2 1 0 3 1 0 2
0 1 2 3 1 0 1 3 2 3
0 2 1 0 3 3 2 1 1 3
0 2 1 1 3 1 0 3 3 2
0 3 1 3 1 2 3 0 2 1
0 3 3 1 2 3 1 3 1 1

Matrix 231:
0 0 0 0 0 0 0 0 0 0
0 0 0 1 1 2 2 2 3 3
0 0 3 2 2 0 1 3 1 2
0 1 2 0 2 0 3 1 3 2
0 2 2 1 0 3 2 0 1 3
0 1 3 3 0 2 3 2 1 1
0 2 0 2 3 3 1 1 3 1
0 2 2 3 1 1 1 3 3 0
0 3 1 3 2 2 0 1 1 3
0 3 1 1 3 1 3 3 2 1

Matrix 232:
0 0 0 0 0 0 0 0 0 0
0 0 0 1 1 2 2 2 3 3
0 0 3 2 2 0 1 3 1 2
0 1 2 0 3 0 2 2 3 1
0 1 2 3 0 2 0 2 1 3
0 2 0 0 2 3 3 1 1 2
0 2 1 2 0 3 1 0 3 2
0 2 3 2 2 1 0 1 3 0
0 3 2 1 3 2 2 0 1 0
0 3 1 3 1 1 3 3 2 1

Matrix 233:
0 0 0 0 0 0 0 0 0 0
0 0 0 1 1 2 2 2 3 3
0 0 3 2 2 0 1 3 1 2
0 1 2 0 3 2 0 2 1 3
0 1 2 3 0 0 2 2 3 1
0 2 0 2 0 3 3 1 1 2
0 2 1 0 2 3 1 0 3 2
0 2 3 2 2 1 0 1 3 0
0 3 2 3 1 2 2 0 1 0
0 3 1 1 3 1 3 3 2 1

Matrix 234:
0 0 0 0 0 0 0 0 0 0
0 0 0 1 1 2 2 2 3 3
0 0 3 2 2 0 1 3 1 2
0 1 2 1 3 2 0 0 3 2
0 2 1 0 0 3 2 3 1 2
0 2 2 3 1 1 1 3 3 0
0 2 3 1 3 1 3 2 1 0
0 3 1 2 3 0 2 1 3 1
0 3 1 3 2 2 0 1 1 3
0 1 3 3 1 3 3 1 2 1

Matrix 235:
0 0 0 0 0 0 0 0 0 0
0 0 0 1 1 2 2 2 3 3
0 0 3 2 2 0 1 3 1 2
0 2 2 1 2 1 0 0 3 3
0 3 1 2 0 2 3 0 1 2
0 1 2 3 0 2 1 3 3 1
0 2 1 0 3 3 1 2 1 3
0 2 3 3 1 1 3 2 1 0
0 3 1 3 2 0 2 1 3 1
0 1 3 1 3 3 3 1 2 1

Matrix 236:
0 0 0 0 0 0 0 0 0 0
0 0 0 1 1 2 2 2 3 3
0 0 3 2 3 0 2 2 1 1
0 1 2 2 0 3 0 1 2 3
0 2 0 0 2 3 3 1 2 1
0 1 2 0 3 2 1 3 3 1
0 2 1 3 3 1 2 1 0 3
0 2 3 1 2 1 0 3 1 3
0 3 2 2 1 1 3 0 3 1
0 3 1 3 1 3 1 3 1 2

Matrix 237:
0 0 0 0 0 0 0 0 0 0
0 0 0 1 1 2 2 2 3 3
0 1 1 0 3 0 2 3 2 2
0 1 3 2 3 1 0 2 0 2
0 2 2 3 1 0 1 2 3 0
0 1 3 3 1 2 3 0 2 1
0 2 3 1 3 3 2 1 1 0
0 3 1 2 3 2 1 0 3 1
0 3 2 1 1 3 0 3 1 2
0 3 1 3 2 1 3 1 1 3

Matrix 238:
0 0 0 0 0 0 0 0 0 0
0 0 0 1 1 2 2 2 3 3
0 1 2 0 0 2 3 3 1 2
0 2 0 2 3 1 0 2 1 3
0 2 1 0 2 0 1 3 3 2
0 0 2 3 2 3 1 1 1 3
0 1 3 2 3 2 1 0 3 1
0 2 2 3 1 1 3 1 3 0
0 3 3 2 1 0 2 3 1 1
0 3 1 1 3 3 3 1 2 1

Matrix 239:
0 0 0 0 0 0 0 0 0 0
0 0 0 1 1 2 2 2 3 3
0 1 2 0 0 2 3 3 1 2
0 2 1 1 3 0 0 2 3 2
0 3 0 2 2 1 3 0 1 2
0 1 3 2 3 2 1 0 3 1
0 1 3 3 2 0 1 2 1 3
0 2 2 3 1 1 3 1 3 0
0 3 2 1 3 3 2 1 1 0
0 3 1 3 1 3 1 3 2 1

Matrix 240:
0 0 0 0 0 0 0 0 0 0
0 0 0 1 1 2 2 2 3 3
0 1 2 0 1 0 3 3 2 2
0 1 3 2 3 0 1 2 0 2
0 2 0 1 3 3 2 0 2 1
0 1 1 3 3 2 0 1 2 3
0 2 3 3 1 2 3 1 0 1
0 3 2 1 3 1 3 2 1 0
0 3 2 2 1 3 1 0 1 3
0 3 1 3 2 1 1 3 3 1

Matrix 241:
0 0 0 0 0 0 0 0 0 0
0 0 0 1 1 2 2 2 3 3
0 1 2 0 1 0 3 3 2 2
0 2 3 3 1 2 0 2 0 1
0 3 2 2 1 3 1 0 2 0
0 1 1 3 3 2 1 0 3 2
0 1 3 2 3 0 1 2 1 3
0 2 0 1 3 3 3 1 2 1
0 3 2 1 3 1 2 3 0 1
0 3 1 3 2 1 3 1 1 3

Matrix 242:
0 0 0 0 0 0 0 0 0 0
0 0 0 1 1 2 2 2 3 3
0 1 2 0 2 0 1 3 2 3
0 1 3 2 0 2 0 3 2 1
0 2 0 0 3 3 2 2 1 1
0 2 3 2 1 0 3 1 1 3
0 3 1 2 3 2 1 0 1 3
0 3 2 1 2 3 0 1 3 1
0 3 2 3 1 1 2 3 0 1
0 1 1 3 3 1 3 1 3 2

Matrix 243:
0 0 0 0 0 0 0 0 0 0
0 0 0 1 1 2 2 2 3 3
0 1 2 0 2 0 1 3 2 3
0 2 0 3 1 3 2 0 2 1
0 3 3 2 2 0 1 2 0 1
0 1 2 3 0 1 3 2 3 1
0 2 1 3 3 2 1 1 0 3
0 3 1 1 3 2 0 3 2 1
0 3 2 2 1 1 3 0 1 3
0 1 3 1 3 3 3 1 1 2

Matrix 244:
0 0 0 0 0 0 0 0 0 0
0 0 0 1 1 2 2 2 3 3
0 1 2 0 2 0 1 3 2 3
0 2 1 3 0 2 2 0 1 3
0 3 2 2 2 1 0 1 0 3
0 1 2 3 0 1 3 2 3 1
0 2 0 3 2 3 1 1 3 1
0 3 1 1 3 2 0 3 2 1
0 3 3 2 1 0 2 3 1 1
0 1 3 1 3 3 3 1 1 2

Matrix 245:
0 0 0 0 0 0 0 0 0 0
0 0 0 1 1 2 2 2 3 3
0 1 2 0 2 0 1 3 2 3
0 2 3 2 1 0 0 2 3 1
0 3 2 0 2 3 2 1 0 1
0 1 3 3 0 2 2 3 1 1
0 2 0 2 3 3 1 1 1 3
0 3 1 1 3 2 0 3 2 1
0 3 2 2 1 1 3 0 1 3
0 1 1 3 3 1 3 1 3 2

Matrix 246:
0 0 0 0 0 0 0 0 0 0
0 0 0 1 1 2 2 2 3 3
0 1 2 0 3 0 2 2 1 3
0 2 1 2 0 3 0 1 2 3
0 2 3 2 2 1 1 0 0 3
0 0 2 2 3 1 3 1 3 1
0 1 3 3 1 3 2 0 2 1
0 2 1 0 3 2 1 3 3 1
0 3 3 1 2 3 0 2 1 1
0 3 1 3 1 1 3 3 1 2

Matrix 247:
0 0 0 0 0 0 0 0 0 0
0 0 0 1 1 2 2 2 3 3
0 1 2 0 3 1 2 3 0 2
0 1 3 2 3 0 2 1 2 0
0 2 2 3 1 2 1 0 3 0
0 1 3 3 1 3 0 2 1 2
0 2 1 1 3 3 0 1 3 2
0 3 0 2 3 2 1 3 1 1
0 3 2 1 1 0 3 3 2 1
0 3 1 3 2 1 3 1 1 3

Matrix 248:
0 0 0 0 0 0 0 0 0 0
0 0 0 1 1 2 2 2 3 3
0 1 2 0 3 1 2 3 0 2
0 1 3 2 3 1 0 2 2 0
0 2 0 3 1 0 3 2 1 2
0 1 2 3 1 3 1 0 2 3
0 2 1 1 3 3 0 1 3 2
0 3 1 3 3 2 2 1 1 0
0 3 2 2 1 1 3 0 3 1
0 3 3 1 2 3 1 3 1 1

Matrix 249:
0 0 0 0 0 0 0 0 0 0
0 0 0 1 1 2 2 2 3 3
0 1 2 0 3 1 2 3 0 2
0 2 0 2 3 1 1 3 2 0
0 2 3 3 1 2 0 2 0 1
0 0 3 2 3 3 2 1 1 1
0 1 2 3 1 3 1 0 2 3
0 2 1 1 3 3 0 1 3 2
0 3 2 1 1 0 3 3 2 1
0 3 1 3 2 1 3 1 1 3

Matrix 250:
0 0 0 0 0 0 0 0 0 0
0 0 0 1 1 2 2 2 3 3
0 1 2 0 3 1 2 3 0 2
0 2 0 2 3 2 1 0 3 1
0 2 1 0 1 3 0 3 2 2
0 0 2 1 3 3 3 1 2 1
0 2 2 3 1 1 3 1 3 0
0 3 1 2 3 1 0 2 1 3
0 3 3 2 1 0 2 3 1 1
0 1 3 3 2 3 1 1 1 3

Matrix 251:
0 0 0 0 0 0 0 0 0 0
0 0 0 1 1 2 2 2 3 3
0 1 2 0 3 1 2 3 0 2
0 2 1 0 3 3 2 1 2 0
0 2 2 2 1 0 1 0 3 3
0 0 2 3 1 3 3 1 1 2
0 1 3 2 3 2 0 1 3 1
0 2 0 3 1 1 3 3 2 1
0 3 1 2 3 1 0 2 1 3
0 3 3 1 2 3 1 3 1 1

Matrix 252:
0 0 0 0 0 0 0 0 0 0
0 0 0 1 1 2 2 2 3 3
0 1 2 0 3 1 2 3 0 2
0 2 1 1 3 0 0 2 2 3
0 3 2 2 1 0 3 1 0 2
0 1 2 3 1 3 1 0 2 3
0 1 3 2 3 2 0 1 3 1
0 2 0 3 1 1 3 3 2 1
0 3 1 3 3 2 2 1 1 0
0 3 3 1 2 3 1 3 1 1

Matrix 253:
0 0 0 0 0 0 0 0 0 0
0 0 0 1 1 2 2 2 3 3
0 1 2 1 3 0 0 2 2 3
0 2 0 2 0 3 3 1 2 1
0 2 3 0 2 1 3 2 0 1
0 0 1 3 3 1 2 3 2 1
0 2 1 3 3 2 1 1 0 3
0 3 2 1 2 3 1 0 3 1
0 3 2 2 1 1 3 0 1 3
0 1 3 3 1 3 1 3 1 2

Matrix 254:
0 0 0 0 0 0 0 0 0 0
0 0 0 1 1 2 2 2 3 3
0 1 2 1 3 0 0 2 2 3
0 2 1 0 3 1 2 3 0 2
0 2 3 2 1 0 3 1 0 2
0 0 2 3 1 1 3 3 2 1
0 1 3 3 3 2 2 1 1 0
0 2 1 3 1 3 1 0 2 3
0 3 1 2 3 2 0 1 3 1
0 3 3 1 2 3 1 3 1 1

Matrix 255:
0 0 0 0 0 0 0 0 0 0
0 0 0 1 1 2 2 2 3 3
0 1 3 0 2 0 2 3 1 2
0 2 2 0 1 2 3 0 3 1
0 2 3 2 0 3 2 1 1 0
0 0 1 3 3 2 3 1 1 2
0 1 3 2 3 1 0 2 3 1
0 2 1 3 2 0 1 1 3 3
0 3 2 2 1 1 0 3 1 3
0 3 1 1 3 3 1 3 2 1

Matrix 256:
0 0 0 0 0 0 0 0 0 0
0 0 0 1 1 2 2 2 3 3
0 1 3 0 2 0 2 3 1 2
0 2 2 1 0 3 2 0 3 1
0 3 3 2 2 2 1 0 1 0
0 1 2 3 0 2 3 1 1 3
0 1 3 2 3 1 0 2 3 1
0 2 1 3 2 0 1 1 3 3
0 3 1 1 3 3 0 2 1 2
0 3 1 3 1 1 3 3 2 1

Matrix 257:
0 0 0 0 0 0 0 0 0 0
0 0 0 1 1 2 2 2 3 3
0 1 3 0 2 0 2 3 1 2
0 2 2 1 1 3 0 0 3 2
0 3 1 2 0 0 3 2 1 2
0 1 3 2 3 1 0 2 3 1
0 2 3 3 1 2 3 1 1 0
0 3 1 3 2 1 2 0 3 1
0 3 2 1 3 2 1 3 1 0
0 1 1 3 3 3 1 1 2 3

Matrix 258:
0 0 0 0 0 0 0 0 0 0
0 0 0 1 1 2 2 2 3 3
0 1 3 0 2 0 2 3 1 2
0 2 2 2 1 0 1 0 3 3
0 3 0 2 2 3 0 1 1 2
0 1 2 3 0 2 3 1 1 3
0 1 3 2 3 1 0 2 3 1
0 2 1 0 3 3 2 1 3 1
0 3 2 1 3 2 1 3 1 0
0 3 1 3 1 1 3 3 2 1

Matrix 259:
0 0 0 0 0 0 0 0 0 0
0 0 0 1 1 2 2 2 3 3
0 1 3 2 3 0 1 2 0 2
0 2 2 2 1 1 0 0 3 3
0 3 1 2 3 0 2 1 2 0
0 1 2 0 3 2 3 1 1 3
0 1 3 3 1 3 2 0 2 1
0 2 1 0 3 2 1 3 3 1
0 3 1 3 1 3 0 2 1 2
0 3 3 1 2 1 3 3 1 1

Matrix 260:
0 0 0 0 0 0 0 0 0 0
0 0 0 1 1 2 2 2 3 3
0 2 2 1 1 0 0 3 2 3
0 2 3 0 2 1 3 2 0 1
0 3 2 2 0 3 1 2 0 1
0 0 2 2 3 1 3 1 1 3
0 1 3 1 3 3 2 0 2 1
0 2 0 3 2 3 1 1 1 3
0 3 1 3 1 2 3 0 2 1
0 1 1 3 3 1 1 3 3 2

Matrix 261:
0 0 0 0 0 0 0 0 0 0
0 0 1 1 1 2 2 3 3 3
0 1 0 1 3 3 3 1 2 2
0 1 2 3 3 1 1 0 2 3
0 1 3 3 1 1 3 2 0 2
0 2 1 3 0 3 2 3 1 1
0 2 3 1 2 0 1 3 3 1
0 3 1 3 2 2 0 1 3 1
0 3 2 1 3 1 3 2 1 0
0 3 3 2 1 3 1 1 1 3

Matrix 262:
0 0 0 0 0 0 0 0 0 0
0 0 1 1 1 2 2 3 3 3
0 1 0 2 3 1 3 1 2 3
0 1 2 0 3 3 1 1 3 2
0 1 3 3 0 2 2 3 1 1
0 2 1 3 2 0 1 3 1 3
0 2 3 1 2 1 0 3 3 1
0 3 2 3 1 1 3 1 0 2
0 3 3 2 1 3 1 1 2 0
0 3 1 1 3 3 3 2 1 1

Matrix 263:
0 0 0 0 0 0 0 0 0 0
0 0 1 1 1 2 2 3 3 3
0 1 0 2 3 1 3 1 2 3
0 1 2 0 3 3 1 2 1 3
0 2 1 3 1 0 3 3 1 2
0 2 3 1 1 3 0 1 3 2
0 3 1 2 3 3 1 0 2 1
0 3 2 1 3 1 3 2 0 1
0 3 3 3 1 2 2 1 1 0
0 1 3 3 2 1 1 3 3 1

Matrix 264:
0 0 0 0 0 0 0 0 0 0
0 0 1 1 1 2 2 3 3 3
0 1 0 2 3 1 3 1 2 3
0 1 3 3 1 0 2 2 3 1
0 2 3 1 1 3 0 2 1 3
0 2 3 1 3 2 1 0 3 1
0 3 1 0 2 3 3 1 2 1
0 3 2 2 0 1 3 3 1 1
0 3 2 3 2 1 1 1 0 3
0 1 1 3 3 3 1 3 1 2

Matrix 265:
0 0 0 0 0 0 0 0 0 0
0 0 1 1 1 2 2 3 3 3
0 1 0 3 3 2 2 1 1 3
0 1 3 0 2 1 3 2 3 1
0 1 3 2 0 3 1 3 2 1
0 2 2 1 3 0 1 1 3 3
0 2 2 3 1 1 0 3 1 3
0 3 1 2 3 1 3 0 2 1
0 3 1 3 2 3 1 2 0 1
0 3 3 1 1 3 3 1 1 2

Matrix 266:
0 0 0 0 0 0 0 0 0 0
0 0 1 1 1 2 2 3 3 3
0 1 0 3 3 2 2 1 1 3
0 2 2 1 3 0 1 1 3 3
0 2 2 3 1 1 0 3 1 3
0 1 3 1 3 1 3 3 2 1
0 1 3 3 1 3 1 2 3 1
0 3 1 2 3 3 1 3 1 1
0 3 1 3 2 1 3 1 3 1
0 3 3 1 1 3 3 1 1 2

Matrix 267:
0 0 0 0 0 0 0 0 0 0
0 0 1 1 1 2 2 3 3 3
0 1 1 3 3 0 2 1 2 3
0 1 3 0 2 1 3 3 1 2
0 2 1 3 1 3 0 3 2 1
0 2 3 3 1 2 1 1 0 3
0 3 0 2 2 1 3 1 3 1
0 3 2 1 0 3 3 1 1 2
0 3 2 2 3 1 1 3 1 0
0 1 3 1 3 3 1 2 3 1

Matrix 268:
0 0 0 0 0 0 0 0 0 0
0 0 1 1 1 2 2 3 3 3
0 1 1 3 3 1 3 0 2 2
0 1 3 0 1 3 3 2 1 2
0 1 3 2 3 1 1 2 0 3
0 2 0 1 3 3 2 1 3 1
0 2 2 3 1 0 1 3 3 1
0 3 2 1 3 2 0 3 1 1
0 3 3 2 1 1 3 1 2 0
0 3 1 3 2 3 1 1 1 3

Matrix 269:
0 0 0 0 0 0 0 0 0 0
0 0 1 1 1 2 2 3 3 3
0 2 1 1 3 0 3 1 2 3
0 2 1 3 1 3 0 3 2 1
0 3 1 3 3 2 2 1 0 1
0 1 2 3 3 1 1 3 1 3
0 1 3 1 3 3 1 2 3 1
0 1 3 3 1 1 3 1 3 2
0 3 3 1 2 1 3 3 1 1
0 3 3 2 1 3 1 1 1 3

Matrix 270:
0 0 0 0 0 0 0 0 0 0
0 1 1 1 1 2 3 3 3 3
0 1 1 3 3 3 1 1 2 3
0 1 3 1 3 3 2 3 1 1
0 1 3 3 2 1 3 1 3 1
0 2 3 3 1 1 1 3 1 3
0 3 1 2 3 1 1 3 3 1
0 3 1 3 1 3 3 2 1 1
0 3 2 1 3 1 3 1 1 3
0 3 3 1 1 3 1 1 3 2

Matrix 271:
0 0 0 0 0 0 0 0 0 0
0 1 1 1 1 2 3 3 3 3
0 1 1 3 3 3 1 1 2 3
0 1 3 2 3 1 1 3 3 1
0 1 3 3 1 3 3 2 1 1
0 2 3 1 3 1 3 1 1 3
0 3 1 1 3 3 2 3 1 1
0 3 1 3 2 1 3 1 3 1
0 3 2 3 1 1 1 3 1 3
0 3 3 1 1 3 1 1 3 2

Matrix 272:
0 0 0 0 0 0 0 0 0 0
0 1 1 1 1 2 3 3 3 3
0 1 2 3 3 1 1 1 3 3
0 1 3 1 3 3 1 3 1 2
0 1 3 3 1 3 3 1 2 1
0 2 1 3 3 1 3 3 1 1
0 3 1 1 3 3 2 1 3 1
0 3 1 3 1 3 1 2 1 3
0 3 3 1 2 1 3 1 1 3
0 3 3 2 1 1 1 3 3 1

