Matrix 1:
0 0 0 0 0 0 0 0
0 0 0 0 3 3 3 3
0 0 3 3 0 0 3 3
0 0 3 3 3 3 0 0
0 3 0 3 0 3 0 3
0 3 0 3 3 0 3 0
0 3 3 0 0 3 3 0
0 3 3 0 3 0 0 3

Matrix 2:
0 0 0 0 0 0 0 0
0 0 0 0 3 3 3 3
0 0 3 3 0 0 3 3
0 0 3 3 3 3 0 0
0 3 0 3 0 3 0 3
0 3 0 3 3 0 3 0
0 3 3 0 1 4 4 1
0 3 3 0 4 1 1 4

Matrix 3:
0 0 0 0 0 0 0 0
0 0 0 0 3 3 3 3
0 0 3 3 0 0 3 3
0 0 3 3 3 3 0 0
0 3 0 3 0 3 0 3
0 3 0 3 3 0 3 0
0 3 3 0 2 5 5 2
0 3 3 0 5 2 2 5

Matrix 4:
0 0 0 0 0 0 0 0
0 0 0 0 3 3 3 3
0 0 3 3 0 0 3 3
0 0 3 3 3 3 0 0
0 3 0 3 0 3 0 3
0 3 3 0 0 3 3 0
0 3 1 4 3 0 4 1
0 3 4 1 3 0 1 4

Matrix 5:
0 0 0 0 0 0 0 0
0 0 0 0 3 3 3 3
0 0 3 3 0 0 3 3
0 0 3 3 3 3 0 0
0 3 0 3 0 3 0 3
0 3 3 0 0 3 3 0
0 3 2 5 3 0 5 2
0 3 5 2 3 0 2 5

Matrix 6:
0 0 0 0 0 0 0 0
0 0 0 0 3 3 3 3
0 0 3 3 0 0 3 3
0 0 3 3 3 3 0 0
0 3 0 3 0 3 0 3
0 3 3 0 3 0 0 3
0 3 1 4 4 1 3 0
0 3 4 1 1 4 3 0

Matrix 7:
0 0 0 0 0 0 0 0
0 0 0 0 3 3 3 3
0 0 3 3 0 0 3 3
0 0 3 3 3 3 0 0
0 3 0 3 0 3 0 3
0 3 3 0 3 0 0 3
0 3 2 5 5 2 3 0
0 3 5 2 2 5 3 0

Matrix 8:
0 0 0 0 0 0 0 0
0 0 0 0 3 3 3 3
0 0 3 3 0 0 3 3
0 0 3 3 3 3 0 0
0 3 0 3 0 3 1 4
0 3 0 3 3 0 4 1
0 3 3 0 0 3 4 1
0 3 3 0 3 0 1 4

Matrix 9:
0 0 0 0 0 0 0 0
0 0 0 0 3 3 3 3
0 0 3 3 0 0 3 3
0 0 3 3 3 3 0 0
0 3 0 3 0 3 1 4
0 3 0 3 3 0 4 1
0 3 3 0 2 5 0 3
0 3 3 0 5 2 3 0

Matrix 10:
0 0 0 0 0 0 0 0
0 0 0 0 3 3 3 3
0 0 3 3 0 0 3 3
0 0 3 3 3 3 0 0
0 3 0 3 0 3 1 4
0 3 0 3 3 0 4 1
0 3 3 0 1 4 5 2
0 3 3 0 4 1 2 5

Matrix 11:
0 0 0 0 0 0 0 0
0 0 0 0 3 3 3 3
0 0 3 3 0 0 3 3
0 0 3 3 3 3 0 0
0 3 0 3 0 3 1 4
0 3 3 0 0 3 4 1
0 3 2 5 3 0 0 3
0 3 5 2 3 0 3 0

Matrix 12:
0 0 0 0 0 0 0 0
0 0 0 0 3 3 3 3
0 0 3 3 0 0 3 3
0 0 3 3 3 3 0 0
0 3 0 3 0 3 1 4
0 3 3 0 0 3 4 1
0 3 1 4 3 0 5 2
0 3 4 1 3 0 2 5

Matrix 13:
0 0 0 0 0 0 0 0
0 0 0 0 3 3 3 3
0 0 3 3 0 0 3 3
0 0 3 3 3 3 0 0
0 3 0 3 0 3 1 4
0 3 3 0 3 0 1 4
0 3 1 4 4 1 4 1
0 3 4 1 1 4 4 1

Matrix 14:
0 0 0 0 0 0 0 0
0 0 0 0 3 3 3 3
0 0 3 3 0 0 3 3
0 0 3 3 3 3 0 0
0 3 0 3 0 3 1 4
0 3 3 0 3 0 1 4
0 3 2 5 5 2 4 1
0 3 5 2 2 5 4 1

Matrix 15:
0 0 0 0 0 0 0 0
0 0 0 0 3 3 3 3
0 0 3 3 0 0 3 3
0 0 3 3 3 3 0 0
0 3 0 3 1 4 0 3
0 3 0 3 4 1 3 0
0 3 3 0 1 4 3 0
0 3 3 0 4 1 0 3

Matrix 16:
0 0 0 0 0 0 0 0
0 0 0 0 3 3 3 3
0 0 3 3 0 0 3 3
0 0 3 3 3 3 0 0
0 3 0 3 1 4 0 3
0 3 0 3 4 1 3 0
0 3 3 0 0 3 2 5
0 3 3 0 3 0 5 2

Matrix 17:
0 0 0 0 0 0 0 0
0 0 0 0 3 3 3 3
0 0 3 3 0 0 3 3
0 0 3 3 3 3 0 0
0 3 0 3 1 4 0 3
0 3 0 3 4 1 3 0
0 3 3 0 2 5 4 1
0 3 3 0 5 2 1 4

Matrix 18:
0 0 0 0 0 0 0 0
0 0 0 0 3 3 3 3
0 0 3 3 0 0 3 3
0 0 3 3 3 3 0 0
0 3 0 3 1 4 0 3
0 3 3 0 1 4 3 0
0 3 1 4 4 1 4 1
0 3 4 1 4 1 1 4

Matrix 19:
0 0 0 0 0 0 0 0
0 0 0 0 3 3 3 3
0 0 3 3 0 0 3 3
0 0 3 3 3 3 0 0
0 3 0 3 1 4 0 3
0 3 3 0 1 4 3 0
0 3 2 5 4 1 5 2
0 3 5 2 4 1 2 5

Matrix 20:
0 0 0 0 0 0 0 0
0 0 0 0 3 3 3 3
0 0 3 3 0 0 3 3
0 0 3 3 3 3 0 0
0 3 0 3 1 4 0 3
0 3 3 0 4 1 0 3
0 3 2 5 0 3 3 0
0 3 5 2 3 0 3 0

Matrix 21:
0 0 0 0 0 0 0 0
0 0 0 0 3 3 3 3
0 0 3 3 0 0 3 3
0 0 3 3 3 3 0 0
0 3 0 3 1 4 0 3
0 3 3 0 4 1 0 3
0 3 1 4 5 2 3 0
0 3 4 1 2 5 3 0

Matrix 22:
0 0 0 0 0 0 0 0
0 0 0 0 3 3 3 3
0 0 3 3 0 0 3 3
0 0 3 3 3 3 0 0
0 3 1 4 0 3 0 3
0 3 1 4 3 0 3 0
0 3 4 1 0 3 3 0
0 3 4 1 3 0 0 3

Matrix 23:
0 0 0 0 0 0 0 0
0 0 0 0 3 3 3 3
0 0 3 3 0 0 3 3
0 0 3 3 3 3 0 0
0 3 1 4 0 3 0 3
0 3 1 4 3 0 3 0
0 3 4 1 1 4 4 1
0 3 4 1 4 1 1 4

Matrix 24:
0 0 0 0 0 0 0 0
0 0 0 0 3 3 3 3
0 0 3 3 0 0 3 3
0 0 3 3 3 3 0 0
0 3 1 4 0 3 0 3
0 3 1 4 3 0 3 0
0 3 4 1 2 5 5 2
0 3 4 1 5 2 2 5

Matrix 25:
0 0 0 0 0 0 0 0
0 0 0 0 3 3 3 3
0 0 3 3 0 0 3 3
0 0 3 3 3 3 0 0
0 3 1 4 0 3 0 3
0 3 4 1 0 3 3 0
0 3 0 3 3 0 2 5
0 3 3 0 3 0 5 2

Matrix 26:
0 0 0 0 0 0 0 0
0 0 0 0 3 3 3 3
0 0 3 3 0 0 3 3
0 0 3 3 3 3 0 0
0 3 1 4 0 3 0 3
0 3 4 1 0 3 3 0
0 3 2 5 3 0 4 1
0 3 5 2 3 0 1 4

Matrix 27:
0 0 0 0 0 0 0 0
0 0 0 0 3 3 3 3
0 0 3 3 0 0 3 3
0 0 3 3 3 3 0 0
0 3 1 4 0 3 0 3
0 3 4 1 3 0 0 3
0 3 0 3 2 5 3 0
0 3 3 0 5 2 3 0

Matrix 28:
0 0 0 0 0 0 0 0
0 0 0 0 3 3 3 3
0 0 3 3 0 0 3 3
0 0 3 3 3 3 0 0
0 3 1 4 0 3 0 3
0 3 4 1 3 0 0 3
0 3 2 5 4 1 3 0
0 3 5 2 1 4 3 0

Matrix 29:
0 0 0 0 0 0 0 0
0 0 0 0 3 3 3 3
0 0 3 3 0 0 3 3
0 0 3 3 3 3 0 0
0 3 0 3 0 3 2 5
0 3 0 3 3 0 5 2
0 3 3 0 0 3 5 2
0 3 3 0 3 0 2 5

Matrix 30:
0 0 0 0 0 0 0 0
0 0 0 0 3 3 3 3
0 0 3 3 0 0 3 3
0 0 3 3 3 3 0 0
0 3 0 3 0 3 2 5
0 3 0 3 3 0 5 2
0 3 3 0 2 5 1 4
0 3 3 0 5 2 4 1

Matrix 31:
0 0 0 0 0 0 0 0
0 0 0 0 3 3 3 3
0 0 3 3 0 0 3 3
0 0 3 3 3 3 0 0
0 3 0 3 0 3 2 5
0 3 3 0 0 3 5 2
0 3 2 5 3 0 1 4
0 3 5 2 3 0 4 1

Matrix 32:
0 0 0 0 0 0 0 0
0 0 0 0 3 3 3 3
0 0 3 3 0 0 3 3
0 0 3 3 3 3 0 0
0 3 0 3 0 3 2 5
0 3 3 0 3 0 2 5
0 3 1 4 4 1 5 2
0 3 4 1 1 4 5 2

Matrix 33:
0 0 0 0 0 0 0 0
0 0 0 0 3 3 3 3
0 0 3 3 0 0 3 3
0 0 3 3 3 3 0 0
0 3 0 3 0 3 2 5
0 3 3 0 3 0 2 5
0 3 2 5 5 2 5 2
0 3 5 2 2 5 5 2

Matrix 34:
0 0 0 0 0 0 0 0
0 0 0 0 3 3 3 3
0 0 3 3 0 0 3 3
0 0 3 3 3 3 0 0
0 3 0 3 2 5 0 3
0 3 0 3 5 2 3 0
0 3 3 0 2 5 3 0
0 3 3 0 5 2 0 3

Matrix 35:
0 0 0 0 0 0 0 0
0 0 0 0 3 3 3 3
0 0 3 3 0 0 3 3
0 0 3 3 3 3 0 0
0 3 0 3 2 5 0 3
0 3 0 3 5 2 3 0
0 3 3 0 1 4 2 5
0 3 3 0 4 1 5 2

Matrix 36:
0 0 0 0 0 0 0 0
0 0 0 0 3 3 3 3
0 0 3 3 0 0 3 3
0 0 3 3 3 3 0 0
0 3 0 3 2 5 0 3
0 3 3 0 2 5 3 0
0 3 1 4 5 2 4 1
0 3 4 1 5 2 1 4

Matrix 37:
0 0 0 0 0 0 0 0
0 0 0 0 3 3 3 3
0 0 3 3 0 0 3 3
0 0 3 3 3 3 0 0
0 3 0 3 2 5 0 3
0 3 3 0 2 5 3 0
0 3 2 5 5 2 5 2
0 3 5 2 5 2 2 5

Matrix 38:
0 0 0 0 0 0 0 0
0 0 0 0 3 3 3 3
0 0 3 3 0 0 3 3
0 0 3 3 3 3 0 0
0 3 0 3 2 5 0 3
0 3 3 0 5 2 0 3
0 3 2 5 1 4 3 0
0 3 5 2 4 1 3 0

Matrix 39:
0 0 0 0 0 0 0 0
0 0 0 0 3 3 3 3
0 0 3 3 0 0 3 3
0 0 3 3 3 3 0 0
0 3 2 5 0 3 0 3
0 3 2 5 3 0 3 0
0 3 5 2 0 3 3 0
0 3 5 2 3 0 0 3

Matrix 40:
0 0 0 0 0 0 0 0
0 0 0 0 3 3 3 3
0 0 3 3 0 0 3 3
0 0 3 3 3 3 0 0
0 3 2 5 0 3 0 3
0 3 2 5 3 0 3 0
0 3 5 2 1 4 4 1
0 3 5 2 4 1 1 4

Matrix 41:
0 0 0 0 0 0 0 0
0 0 0 0 3 3 3 3
0 0 3 3 0 0 3 3
0 0 3 3 3 3 0 0
0 3 2 5 0 3 0 3
0 3 2 5 3 0 3 0
0 3 5 2 2 5 5 2
0 3 5 2 5 2 2 5

Matrix 42:
0 0 0 0 0 0 0 0
0 0 0 0 3 3 3 3
0 0 3 3 0 0 3 3
0 0 3 3 3 3 0 0
0 3 2 5 0 3 0 3
0 3 5 2 0 3 3 0
0 3 1 4 3 0 2 5
0 3 4 1 3 0 5 2

Matrix 43:
0 0 0 0 0 0 0 0
0 0 0 0 3 3 3 3
0 0 3 3 0 0 3 3
0 0 3 3 3 3 0 0
0 3 2 5 0 3 0 3
0 3 5 2 3 0 0 3
0 3 1 4 2 5 3 0
0 3 4 1 5 2 3 0

Matrix 44:
0 0 0 0 0 0 0 0
0 0 0 0 3 3 3 3
0 0 3 3 0 0 3 3
0 0 3 3 3 3 0 0
0 3 0 3 1 4 1 4
0 3 0 3 4 1 4 1
0 3 3 0 1 4 4 1
0 3 3 0 4 1 1 4

Matrix 45:
0 0 0 0 0 0 0 0
0 0 0 0 3 3 3 3
0 0 3 3 0 0 3 3
0 0 3 3 3 3 0 0
0 3 0 3 1 4 1 4
0 3 0 3 4 1 4 1
0 3 3 0 2 5 5 2
0 3 3 0 5 2 2 5

Matrix 46:
0 0 0 0 0 0 0 0
0 0 0 0 3 3 3 3
0 0 3 3 0 0 3 3
0 0 3 3 3 3 0 0
0 3 0 3 1 4 1 4
0 3 3 0 1 4 4 1
0 3 2 5 4 1 0 3
0 3 5 2 4 1 3 0

Matrix 47:
0 0 0 0 0 0 0 0
0 0 0 0 3 3 3 3
0 0 3 3 0 0 3 3
0 0 3 3 3 3 0 0
0 3 0 3 1 4 1 4
0 3 3 0 1 4 4 1
0 3 1 4 4 1 5 2
0 3 4 1 4 1 2 5

Matrix 48:
0 0 0 0 0 0 0 0
0 0 0 0 3 3 3 3
0 0 3 3 0 0 3 3
0 0 3 3 3 3 0 0
0 3 0 3 1 4 1 4
0 3 3 0 4 1 1 4
0 3 2 5 0 3 4 1
0 3 5 2 3 0 4 1

Matrix 49:
0 0 0 0 0 0 0 0
0 0 0 0 3 3 3 3
0 0 3 3 0 0 3 3
0 0 3 3 3 3 0 0
0 3 0 3 1 4 1 4
0 3 3 0 4 1 1 4
0 3 1 4 5 2 4 1
0 3 4 1 2 5 4 1

Matrix 50:
0 0 0 0 0 0 0 0
0 0 0 0 3 3 3 3
0 0 3 3 0 0 3 3
0 0 3 3 3 3 0 0
0 3 1 4 0 3 1 4
0 3 1 4 3 0 4 1
0 3 4 1 0 3 4 1
0 3 4 1 3 0 1 4

Matrix 51:
0 0 0 0 0 0 0 0
0 0 0 0 3 3 3 3
0 0 3 3 0 0 3 3
0 0 3 3 3 3 0 0
0 3 1 4 0 3 1 4
0 3 1 4 3 0 4 1
0 3 4 1 2 5 0 3
0 3 4 1 5 2 3 0

Matrix 52:
0 0 0 0 0 0 0 0
0 0 0 0 3 3 3 3
0 0 3 3 0 0 3 3
0 0 3 3 3 3 0 0
0 3 1 4 0 3 1 4
0 3 1 4 3 0 4 1
0 3 4 1 1 4 5 2
0 3 4 1 4 1 2 5

Matrix 53:
0 0 0 0 0 0 0 0
0 0 0 0 3 3 3 3
0 0 3 3 0 0 3 3
0 0 3 3 3 3 0 0
0 3 1 4 0 3 1 4
0 3 4 1 0 3 4 1
0 3 2 5 3 0 5 2
0 3 5 2 3 0 2 5

Matrix 54:
0 0 0 0 0 0 0 0
0 0 0 0 3 3 3 3
0 0 3 3 0 0 3 3
0 0 3 3 3 3 0 0
0 3 1 4 0 3 1 4
0 3 4 1 3 0 1 4
0 3 0 3 2 5 4 1
0 3 3 0 5 2 4 1

Matrix 55:
0 0 0 0 0 0 0 0
0 0 0 0 3 3 3 3
0 0 3 3 0 0 3 3
0 0 3 3 3 3 0 0
0 3 1 4 0 3 1 4
0 3 4 1 3 0 1 4
0 3 2 5 4 1 4 1
0 3 5 2 1 4 4 1

Matrix 56:
0 0 0 0 0 0 0 0
0 0 0 0 3 3 3 3
0 0 3 3 0 0 3 3
0 0 3 3 3 3 0 0
0 3 1 4 1 4 0 3
0 3 1 4 4 1 3 0
0 3 4 1 1 4 3 0
0 3 4 1 4 1 0 3

Matrix 57:
0 0 0 0 0 0 0 0
0 0 0 0 3 3 3 3
0 0 3 3 0 0 3 3
0 0 3 3 3 3 0 0
0 3 1 4 1 4 0 3
0 3 1 4 4 1 3 0
0 3 4 1 0 3 2 5
0 3 4 1 3 0 5 2

Matrix 58:
0 0 0 0 0 0 0 0
0 0 0 0 3 3 3 3
0 0 3 3 0 0 3 3
0 0 3 3 3 3 0 0
0 3 1 4 1 4 0 3
0 3 1 4 4 1 3 0
0 3 4 1 2 5 4 1
0 3 4 1 5 2 1 4

Matrix 59:
0 0 0 0 0 0 0 0
0 0 0 0 3 3 3 3
0 0 3 3 0 0 3 3
0 0 3 3 3 3 0 0
0 3 1 4 1 4 0 3
0 3 4 1 1 4 3 0
0 3 0 3 4 1 2 5
0 3 3 0 4 1 5 2

Matrix 60:
0 0 0 0 0 0 0 0
0 0 0 0 3 3 3 3
0 0 3 3 0 0 3 3
0 0 3 3 3 3 0 0
0 3 1 4 1 4 0 3
0 3 4 1 1 4 3 0
0 3 2 5 4 1 4 1
0 3 5 2 4 1 1 4

Matrix 61:
0 0 0 0 0 0 0 0
0 0 0 0 3 3 3 3
0 0 3 3 0 0 3 3
0 0 3 3 3 3 0 0
0 3 1 4 1 4 0 3
0 3 4 1 4 1 0 3
0 3 2 5 5 2 3 0
0 3 5 2 2 5 3 0

Matrix 62:
0 0 0 0 0 0 0 0
0 0 0 0 3 3 3 3
0 0 3 3 0 0 3 3
0 0 3 3 3 3 0 0
0 3 0 3 1 4 2 5
0 3 0 3 4 1 5 2
0 3 3 0 1 4 5 2
0 3 3 0 4 1 2 5

Matrix 63:
0 0 0 0 0 0 0 0
0 0 0 0 3 3 3 3
0 0 3 3 0 0 3 3
0 0 3 3 3 3 0 0
0 3 0 3 1 4 2 5
0 3 3 0 1 4 5 2
0 3 2 5 4 1 1 4
0 3 5 2 4 1 4 1

Matrix 64:
0 0 0 0 0 0 0 0
0 0 0 0 3 3 3 3
0 0 3 3 0 0 3 3
0 0 3 3 3 3 0 0
0 3 0 3 1 4 2 5
0 3 3 0 4 1 2 5
0 3 2 5 0 3 5 2
0 3 5 2 3 0 5 2

Matrix 65:
0 0 0 0 0 0 0 0
0 0 0 0 3 3 3 3
0 0 3 3 0 0 3 3
0 0 3 3 3 3 0 0
0 3 0 3 1 4 2 5
0 3 3 0 4 1 2 5
0 3 1 4 5 2 5 2
0 3 4 1 2 5 5 2

Matrix 66:
0 0 0 0 0 0 0 0
0 0 0 0 3 3 3 3
0 0 3 3 0 0 3 3
0 0 3 3 3 3 0 0
0 3 0 3 2 5 1 4
0 3 0 3 5 2 4 1
0 3 3 0 2 5 4 1
0 3 3 0 5 2 1 4

Matrix 67:
0 0 0 0 0 0 0 0
0 0 0 0 3 3 3 3
0 0 3 3 0 0 3 3
0 0 3 3 3 3 0 0
0 3 0 3 2 5 1 4
0 3 3 0 2 5 4 1
0 3 2 5 5 2 0 3
0 3 5 2 5 2 3 0

Matrix 68:
0 0 0 0 0 0 0 0
0 0 0 0 3 3 3 3
0 0 3 3 0 0 3 3
0 0 3 3 3 3 0 0
0 3 0 3 2 5 1 4
0 3 3 0 2 5 4 1
0 3 1 4 5 2 5 2
0 3 4 1 5 2 2 5

Matrix 69:
0 0 0 0 0 0 0 0
0 0 0 0 3 3 3 3
0 0 3 3 0 0 3 3
0 0 3 3 3 3 0 0
0 3 0 3 2 5 1 4
0 3 3 0 5 2 1 4
0 3 2 5 1 4 4 1
0 3 5 2 4 1 4 1

Matrix 70:
0 0 0 0 0 0 0 0
0 0 0 0 3 3 3 3
0 0 3 3 0 0 3 3
0 0 3 3 3 3 0 0
0 3 1 4 0 3 2 5
0 3 1 4 3 0 5 2
0 3 4 1 0 3 5 2
0 3 4 1 3 0 2 5

Matrix 71:
0 0 0 0 0 0 0 0
0 0 0 0 3 3 3 3
0 0 3 3 0 0 3 3
0 0 3 3 3 3 0 0
0 3 1 4 0 3 2 5
0 3 1 4 3 0 5 2
0 3 4 1 2 5 1 4
0 3 4 1 5 2 4 1

Matrix 72:
0 0 0 0 0 0 0 0
0 0 0 0 3 3 3 3
0 0 3 3 0 0 3 3
0 0 3 3 3 3 0 0
0 3 1 4 0 3 2 5
0 3 4 1 3 0 2 5
0 3 0 3 2 5 5 2
0 3 3 0 5 2 5 2

Matrix 73:
0 0 0 0 0 0 0 0
0 0 0 0 3 3 3 3
0 0 3 3 0 0 3 3
0 0 3 3 3 3 0 0
0 3 1 4 0 3 2 5
0 3 4 1 3 0 2 5
0 3 2 5 4 1 5 2
0 3 5 2 1 4 5 2

Matrix 74:
0 0 0 0 0 0 0 0
0 0 0 0 3 3 3 3
0 0 3 3 0 0 3 3
0 0 3 3 3 3 0 0
0 3 1 4 2 5 0 3
0 3 1 4 5 2 3 0
0 3 4 1 2 5 3 0
0 3 4 1 5 2 0 3

Matrix 75:
0 0 0 0 0 0 0 0
0 0 0 0 3 3 3 3
0 0 3 3 0 0 3 3
0 0 3 3 3 3 0 0
0 3 1 4 2 5 0 3
0 3 1 4 5 2 3 0
0 3 4 1 1 4 2 5
0 3 4 1 4 1 5 2

Matrix 76:
0 0 0 0 0 0 0 0
0 0 0 0 3 3 3 3
0 0 3 3 0 0 3 3
0 0 3 3 3 3 0 0
0 3 1 4 2 5 0 3
0 3 4 1 2 5 3 0
0 3 0 3 5 2 2 5
0 3 3 0 5 2 5 2

Matrix 77:
0 0 0 0 0 0 0 0
0 0 0 0 3 3 3 3
0 0 3 3 0 0 3 3
0 0 3 3 3 3 0 0
0 3 1 4 2 5 0 3
0 3 4 1 2 5 3 0
0 3 2 5 5 2 4 1
0 3 5 2 5 2 1 4

Matrix 78:
0 0 0 0 0 0 0 0
0 0 0 0 3 3 3 3
0 0 3 3 0 0 3 3
0 0 3 3 3 3 0 0
0 3 2 5 0 3 1 4
0 3 2 5 3 0 4 1
0 3 5 2 0 3 4 1
0 3 5 2 3 0 1 4

Matrix 79:
0 0 0 0 0 0 0 0
0 0 0 0 3 3 3 3
0 0 3 3 0 0 3 3
0 0 3 3 3 3 0 0
0 3 2 5 0 3 1 4
0 3 2 5 3 0 4 1
0 3 5 2 2 5 0 3
0 3 5 2 5 2 3 0

Matrix 80:
0 0 0 0 0 0 0 0
0 0 0 0 3 3 3 3
0 0 3 3 0 0 3 3
0 0 3 3 3 3 0 0
0 3 2 5 0 3 1 4
0 3 2 5 3 0 4 1
0 3 5 2 1 4 5 2
0 3 5 2 4 1 2 5

Matrix 81:
0 0 0 0 0 0 0 0
0 0 0 0 3 3 3 3
0 0 3 3 0 0 3 3
0 0 3 3 3 3 0 0
0 3 2 5 0 3 1 4
0 3 5 2 3 0 1 4
0 3 1 4 2 5 4 1
0 3 4 1 5 2 4 1

Matrix 82:
0 0 0 0 0 0 0 0
0 0 0 0 3 3 3 3
0 0 3 3 0 0 3 3
0 0 3 3 3 3 0 0
0 3 2 5 1 4 0 3
0 3 2 5 4 1 3 0
0 3 5 2 1 4 3 0
0 3 5 2 4 1 0 3

Matrix 83:
0 0 0 0 0 0 0 0
0 0 0 0 3 3 3 3
0 0 3 3 0 0 3 3
0 0 3 3 3 3 0 0
0 3 2 5 1 4 0 3
0 3 2 5 4 1 3 0
0 3 5 2 0 3 2 5
0 3 5 2 3 0 5 2

Matrix 84:
0 0 0 0 0 0 0 0
0 0 0 0 3 3 3 3
0 0 3 3 0 0 3 3
0 0 3 3 3 3 0 0
0 3 2 5 1 4 0 3
0 3 2 5 4 1 3 0
0 3 5 2 2 5 4 1
0 3 5 2 5 2 1 4

Matrix 85:
0 0 0 0 0 0 0 0
0 0 0 0 3 3 3 3
0 0 3 3 0 0 3 3
0 0 3 3 3 3 0 0
0 3 2 5 1 4 0 3
0 3 5 2 1 4 3 0
0 3 1 4 4 1 2 5
0 3 4 1 4 1 5 2

Matrix 86:
0 0 0 0 0 0 0 0
0 0 0 0 3 3 3 3
0 0 3 3 0 0 3 3
0 0 3 3 3 3 0 0
0 3 0 3 2 5 2 5
0 3 0 3 5 2 5 2
0 3 3 0 2 5 5 2
0 3 3 0 5 2 2 5

Matrix 87:
0 0 0 0 0 0 0 0
0 0 0 0 3 3 3 3
0 0 3 3 0 0 3 3
0 0 3 3 3 3 0 0
0 3 0 3 2 5 2 5
0 3 3 0 2 5 5 2
0 3 2 5 5 2 1 4
0 3 5 2 5 2 4 1

Matrix 88:
0 0 0 0 0 0 0 0
0 0 0 0 3 3 3 3
0 0 3 3 0 0 3 3
0 0 3 3 3 3 0 0
0 3 0 3 2 5 2 5
0 3 3 0 5 2 2 5
0 3 2 5 1 4 5 2
0 3 5 2 4 1 5 2

Matrix 89:
0 0 0 0 0 0 0 0
0 0 0 0 3 3 3 3
0 0 3 3 0 0 3 3
0 0 3 3 3 3 0 0
0 3 2 5 0 3 2 5
0 3 2 5 3 0 5 2
0 3 5 2 0 3 5 2
0 3 5 2 3 0 2 5

Matrix 90:
0 0 0 0 0 0 0 0
0 0 0 0 3 3 3 3
0 0 3 3 0 0 3 3
0 0 3 3 3 3 0 0
0 3 2 5 0 3 2 5
0 3 2 5 3 0 5 2
0 3 5 2 2 5 1 4
0 3 5 2 5 2 4 1

Matrix 91:
0 0 0 0 0 0 0 0
0 0 0 0 3 3 3 3
0 0 3 3 0 0 3 3
0 0 3 3 3 3 0 0
0 3 2 5 0 3 2 5
0 3 5 2 3 0 2 5
0 3 1 4 2 5 5 2
0 3 4 1 5 2 5 2

Matrix 92:
0 0 0 0 0 0 0 0
0 0 0 0 3 3 3 3
0 0 3 3 0 0 3 3
0 0 3 3 3 3 0 0
0 3 2 5 2 5 0 3
0 3 2 5 5 2 3 0
0 3 5 2 2 5 3 0
0 3 5 2 5 2 0 3

Matrix 93:
0 0 0 0 0 0 0 0
0 0 0 0 3 3 3 3
0 0 3 3 0 0 3 3
0 0 3 3 3 3 0 0
0 3 2 5 2 5 0 3
0 3 2 5 5 2 3 0
0 3 5 2 1 4 2 5
0 3 5 2 4 1 5 2

Matrix 94:
0 0 0 0 0 0 0 0
0 0 0 0 3 3 3 3
0 0 3 3 0 0 3 3
0 0 3 3 3 3 0 0
0 3 2 5 2 5 0 3
0 3 5 2 2 5 3 0
0 3 1 4 5 2 2 5
0 3 4 1 5 2 5 2

Matrix 95:
0 0 0 0 0 0 0 0
0 0 0 0 3 3 3 3
0 0 3 3 0 0 3 3
0 0 3 3 3 3 0 0
0 3 1 4 1 4 1 4
0 3 1 4 4 1 4 1
0 3 4 1 1 4 4 1
0 3 4 1 4 1 1 4

Matrix 96:
0 0 0 0 0 0 0 0
0 0 0 0 3 3 3 3
0 0 3 3 0 0 3 3
0 0 3 3 3 3 0 0
0 3 1 4 1 4 1 4
0 3 1 4 4 1 4 1
0 3 4 1 2 5 5 2
0 3 4 1 5 2 2 5

Matrix 97:
0 0 0 0 0 0 0 0
0 0 0 0 3 3 3 3
0 0 3 3 0 0 3 3
0 0 3 3 3 3 0 0
0 3 1 4 1 4 1 4
0 3 4 1 1 4 4 1
0 3 2 5 4 1 5 2
0 3 5 2 4 1 2 5

Matrix 98:
0 0 0 0 0 0 0 0
0 0 0 0 3 3 3 3
0 0 3 3 0 0 3 3
0 0 3 3 3 3 0 0
0 3 1 4 1 4 1 4
0 3 4 1 4 1 1 4
0 3 2 5 5 2 4 1
0 3 5 2 2 5 4 1

Matrix 99:
0 0 0 0 0 0 0 0
0 0 0 0 3 3 3 3
0 0 3 3 0 0 3 3
0 0 3 3 3 3 0 0
0 3 1 4 1 4 2 5
0 3 1 4 4 1 5 2
0 3 4 1 1 4 5 2
0 3 4 1 4 1 2 5

Matrix 100:
0 0 0 0 0 0 0 0
0 0 0 0 3 3 3 3
0 0 3 3 0 0 3 3
0 0 3 3 3 3 0 0
0 3 1 4 1 4 2 5
0 3 4 1 4 1 2 5
0 3 2 5 5 2 5 2
0 3 5 2 2 5 5 2

Matrix 101:
0 0 0 0 0 0 0 0
0 0 0 0 3 3 3 3
0 0 3 3 0 0 3 3
0 0 3 3 3 3 0 0
0 3 1 4 2 5 1 4
0 3 1 4 5 2 4 1
0 3 4 1 2 5 4 1
0 3 4 1 5 2 1 4

Matrix 102:
0 0 0 0 0 0 0 0
0 0 0 0 3 3 3 3
0 0 3 3 0 0 3 3
0 0 3 3 3 3 0 0
0 3 1 4 2 5 1 4
0 3 4 1 2 5 4 1
0 3 2 5 5 2 5 2
0 3 5 2 5 2 2 5

Matrix 103:
0 0 0 0 0 0 0 0
0 0 0 0 3 3 3 3
0 0 3 3 0 0 3 3
0 0 3 3 3 3 0 0
0 3 2 5 1 4 1 4
0 3 2 5 4 1 4 1
0 3 5 2 1 4 4 1
0 3 5 2 4 1 1 4

Matrix 104:
0 0 0 0 0 0 0 0
0 0 0 0 3 3 3 3
0 0 3 3 0 0 3 3
0 0 3 3 3 3 0 0
0 3 2 5 1 4 1 4
0 3 2 5 4 1 4 1
0 3 5 2 2 5 5 2
0 3 5 2 5 2 2 5

Matrix 105:
0 0 0 0 0 0 0 0
0 0 0 0 3 3 3 3
0 0 3 3 0 0 3 3
0 0 3 3 3 3 0 0
0 3 1 4 2 5 2 5
0 3 1 4 5 2 5 2
0 3 4 1 2 5 5 2
0 3 4 1 5 2 2 5

Matrix 106:
0 0 0 0 0 0 0 0
0 0 0 0 3 3 3 3
0 0 3 3 0 0 3 3
0 0 3 3 3 3 0 0
0 3 2 5 1 4 2 5
0 3 2 5 4 1 5 2
0 3 5 2 1 4 5 2
0 3 5 2 4 1 2 5

Matrix 107:
0 0 0 0 0 0 0 0
0 0 0 0 3 3 3 3
0 0 3 3 0 0 3 3
0 0 3 3 3 3 0 0
0 3 2 5 2 5 1 4
0 3 2 5 5 2 4 1
0 3 5 2 2 5 4 1
0 3 5 2 5 2 1 4

Matrix 108:
0 0 0 0 0 0 0 0
0 0 0 0 3 3 3 3
0 0 3 3 0 0 3 3
0 0 3 3 3 3 0 0
0 3 2 5 2 5 2 5
0 3 2 5 5 2 5 2
0 3 5 2 2 5 5 2
0 3 5 2 5 2 2 5

Matrix 109:
0 0 0 0 0 0 0 0
0 0 0 0 3 3 3 3
0 0 3 3 0 0 3 3
0 3 0 3 0 3 0 3
0 3 0 3 3 0 3 0
0 3 3 0 0 3 3 0
0 1 3 4 3 4 0 1
0 4 3 1 3 1 0 4

Matrix 110:
0 0 0 0 0 0 0 0
0 0 0 0 3 3 3 3
0 0 3 3 0 0 3 3
0 3 0 3 0 3 0 3
0 3 0 3 3 0 3 0
0 3 3 0 0 3 3 0
0 2 3 5 3 5 0 2
0 5 3 2 3 2 0 5

Matrix 111:
0 0 0 0 0 0 0 0
0 0 0 0 3 3 3 3
0 0 3 3 0 0 3 3
0 3 0 3 0 3 0 3
0 3 0 3 3 0 3 0
0 3 3 0 3 0 0 3
0 1 3 4 4 3 1 0
0 4 3 1 1 3 4 0

Matrix 112:
0 0 0 0 0 0 0 0
0 0 0 0 3 3 3 3
0 0 3 3 0 0 3 3
0 3 0 3 0 3 0 3
0 3 0 3 3 0 3 0
0 3 3 0 3 0 0 3
0 2 3 5 5 3 2 0
0 5 3 2 2 3 5 0

Matrix 113:
0 0 0 0 0 0 0 0
0 0 0 0 3 3 3 3
0 0 3 3 0 0 3 3
0 3 0 3 0 3 0 3
0 3 3 0 0 3 3 0
0 3 3 0 3 0 0 3
0 1 4 3 3 4 1 0
0 4 1 3 3 1 4 0

Matrix 114:
0 0 0 0 0 0 0 0
0 0 0 0 3 3 3 3
0 0 3 3 0 0 3 3
0 3 0 3 0 3 0 3
0 3 3 0 0 3 3 0
0 3 3 0 3 0 0 3
0 2 5 3 3 5 2 0
0 5 2 3 3 2 5 0

Matrix 115:
0 0 0 0 0 0 0 0
0 0 0 0 3 3 3 3
0 0 3 3 0 0 3 3
0 3 0 3 0 3 0 3
0 1 3 4 3 4 0 1
0 3 1 4 4 1 3 0
0 3 4 1 1 4 3 0
0 4 3 1 3 1 0 4

Matrix 116:
0 0 0 0 0 0 0 0
0 0 0 0 3 3 3 3
0 0 3 3 0 0 3 3
0 3 0 3 0 3 0 3
0 1 3 4 3 4 0 1
0 4 3 1 3 1 0 4
0 3 2 5 5 2 3 0
0 3 5 2 2 5 3 0

Matrix 117:
0 0 0 0 0 0 0 0
0 0 0 0 3 3 3 3
0 0 3 3 0 0 3 3
0 3 0 3 0 3 0 3
0 3 1 4 3 0 4 1
0 3 4 1 3 0 1 4
0 2 3 5 5 3 2 0
0 5 3 2 2 3 5 0

Matrix 118:
0 0 0 0 0 0 0 0
0 0 0 0 3 3 3 3
0 0 3 3 0 0 3 3
0 3 0 3 0 3 0 3
0 3 1 4 4 1 3 0
0 3 4 1 1 4 3 0
0 2 3 5 3 5 0 2
0 5 3 2 3 2 0 5

Matrix 119:
0 0 0 0 0 0 0 0
0 0 0 0 3 3 3 3
0 0 3 3 0 0 3 3
0 3 0 3 0 3 0 3
0 3 3 0 1 4 4 1
0 3 3 0 4 1 1 4
0 2 5 3 3 5 2 0
0 5 2 3 3 2 5 0

Matrix 120:
0 0 0 0 0 0 0 0
0 0 0 0 3 3 3 3
0 0 3 3 0 0 3 3
0 3 0 3 0 3 0 3
0 2 3 5 3 5 0 2
0 3 2 5 5 2 3 0
0 3 5 2 2 5 3 0
0 5 3 2 3 2 0 5

Matrix 121:
0 0 0 0 0 0 0 0
0 0 0 0 3 3 3 3
0 0 3 3 0 1 3 4
0 0 3 3 3 4 0 1
0 3 0 3 0 4 3 1
0 3 0 3 3 1 0 4
0 3 3 0 1 4 1 4
0 3 3 0 4 1 4 1

Matrix 122:
0 0 0 0 0 0 0 0
0 0 0 0 3 3 3 3
0 0 3 3 0 1 3 4
0 0 3 3 3 4 0 1
0 3 0 3 0 4 3 1
0 3 0 3 3 1 0 4
0 3 3 0 2 5 2 5
0 3 3 0 5 2 5 2

Matrix 123:
0 0 0 0 0 0 0 0
0 0 0 0 3 3 3 3
0 0 3 3 0 1 3 4
0 0 3 3 3 4 0 1
0 3 1 4 0 3 0 3
0 3 1 4 3 0 3 0
0 3 4 1 0 4 3 1
0 3 4 1 3 1 0 4

Matrix 124:
0 0 0 0 0 0 0 0
0 0 0 0 3 3 3 3
0 0 3 3 0 1 3 4
0 0 3 3 3 4 0 1
0 3 1 4 0 3 0 3
0 3 1 4 3 0 3 0
0 3 4 1 2 0 5 3
0 3 4 1 5 3 2 0

Matrix 125:
0 0 0 0 0 0 0 0
0 0 0 0 3 3 3 3
0 0 3 3 0 1 3 4
0 0 3 3 3 4 0 1
0 3 1 4 0 3 0 3
0 3 1 4 3 0 3 0
0 3 4 1 1 5 4 2
0 3 4 1 4 2 1 5

Matrix 126:
0 0 0 0 0 0 0 0
0 0 0 0 3 3 3 3
0 0 3 3 0 1 3 4
0 0 3 3 3 4 0 1
0 3 0 3 2 0 5 3
0 3 0 3 5 3 2 0
0 3 3 0 1 4 1 4
0 3 3 0 4 1 4 1

Matrix 127:
0 0 0 0 0 0 0 0
0 0 0 0 3 3 3 3
0 0 3 3 0 1 3 4
0 0 3 3 3 4 0 1
0 3 0 3 2 0 5 3
0 3 0 3 5 3 2 0
0 3 3 0 2 5 2 5
0 3 3 0 5 2 5 2

Matrix 128:
0 0 0 0 0 0 0 0
0 0 0 0 3 3 3 3
0 0 3 3 0 1 3 4
0 0 3 3 3 4 0 1
0 3 2 5 0 3 0 3
0 3 2 5 3 0 3 0
0 3 5 2 0 4 3 1
0 3 5 2 3 1 0 4

Matrix 129:
0 0 0 0 0 0 0 0
0 0 0 0 3 3 3 3
0 0 3 3 0 1 3 4
0 0 3 3 3 4 0 1
0 3 2 5 0 3 0 3
0 3 2 5 3 0 3 0
0 3 5 2 2 0 5 3
0 3 5 2 5 3 2 0

Matrix 130:
0 0 0 0 0 0 0 0
0 0 0 0 3 3 3 3
0 0 3 3 0 1 3 4
0 0 3 3 3 4 0 1
0 3 2 5 0 3 0 3
0 3 2 5 3 0 3 0
0 3 5 2 1 5 4 2
0 3 5 2 4 2 1 5

Matrix 131:
0 0 0 0 0 0 0 0
0 0 0 0 3 3 3 3
0 0 3 3 0 1 3 4
0 0 3 3 3 4 0 1
0 3 0 3 1 4 1 4
0 3 0 3 4 1 4 1
0 3 3 0 1 5 4 2
0 3 3 0 4 2 1 5

Matrix 132:
0 0 0 0 0 0 0 0
0 0 0 0 3 3 3 3
0 0 3 3 0 1 3 4
0 0 3 3 3 4 0 1
0 3 1 4 0 4 3 1
0 3 1 4 3 1 0 4
0 3 4 1 1 4 1 4
0 3 4 1 4 1 4 1

Matrix 133:
0 0 0 0 0 0 0 0
0 0 0 0 3 3 3 3
0 0 3 3 0 1 3 4
0 0 3 3 3 4 0 1
0 3 1 4 0 4 3 1
0 3 1 4 3 1 0 4
0 3 4 1 2 5 2 5
0 3 4 1 5 2 5 2

Matrix 134:
0 0 0 0 0 0 0 0
0 0 0 0 3 3 3 3
0 0 3 3 0 1 3 4
0 0 3 3 3 4 0 1
0 3 0 3 1 5 4 2
0 3 0 3 4 2 1 5
0 3 3 0 2 5 2 5
0 3 3 0 5 2 5 2

Matrix 135:
0 0 0 0 0 0 0 0
0 0 0 0 3 3 3 3
0 0 3 3 0 1 3 4
0 0 3 3 3 4 0 1
0 3 1 4 2 0 5 3
0 3 1 4 5 3 2 0
0 3 4 1 1 4 1 4
0 3 4 1 4 1 4 1

Matrix 136:
0 0 0 0 0 0 0 0
0 0 0 0 3 3 3 3
0 0 3 3 0 1 3 4
0 0 3 3 3 4 0 1
0 3 1 4 2 0 5 3
0 3 1 4 5 3 2 0
0 3 4 1 2 5 2 5
0 3 4 1 5 2 5 2

Matrix 137:
0 0 0 0 0 0 0 0
0 0 0 0 3 3 3 3
0 0 3 3 0 1 3 4
0 0 3 3 3 4 0 1
0 3 2 5 0 4 3 1
0 3 2 5 3 1 0 4
0 3 5 2 1 4 1 4
0 3 5 2 4 1 4 1

Matrix 138:
0 0 0 0 0 0 0 0
0 0 0 0 3 3 3 3
0 0 3 3 0 1 3 4
0 0 3 3 3 4 0 1
0 3 2 5 0 4 3 1
0 3 2 5 3 1 0 4
0 3 5 2 2 5 2 5
0 3 5 2 5 2 5 2

Matrix 139:
0 0 0 0 0 0 0 0
0 0 0 0 3 3 3 3
0 0 3 3 0 1 3 4
0 0 3 3 3 4 0 1
0 3 2 5 2 0 5 3
0 3 2 5 5 3 2 0
0 3 5 2 1 4 1 4
0 3 5 2 4 1 4 1

Matrix 140:
0 0 0 0 0 0 0 0
0 0 0 0 3 3 3 3
0 0 3 3 0 1 3 4
0 0 3 3 3 4 0 1
0 3 2 5 2 0 5 3
0 3 2 5 5 3 2 0
0 3 5 2 2 5 2 5
0 3 5 2 5 2 5 2

Matrix 141:
0 0 0 0 0 0 0 0
0 0 0 0 3 3 3 3
0 0 3 3 0 1 3 4
0 0 3 3 3 4 0 1
0 3 1 4 1 4 1 4
0 3 1 4 4 1 4 1
0 3 4 1 1 5 4 2
0 3 4 1 4 2 1 5

Matrix 142:
0 0 0 0 0 0 0 0
0 0 0 0 3 3 3 3
0 0 3 3 0 1 3 4
0 0 3 3 3 4 0 1
0 3 1 4 1 5 4 2
0 3 1 4 4 2 1 5
0 3 4 1 2 5 2 5
0 3 4 1 5 2 5 2

Matrix 143:
0 0 0 0 0 0 0 0
0 0 0 0 3 3 3 3
0 0 3 3 0 1 3 4
0 0 3 3 3 4 0 1
0 3 2 5 1 4 1 4
0 3 2 5 4 1 4 1
0 3 5 2 1 5 4 2
0 3 5 2 4 2 1 5

Matrix 144:
0 0 0 0 0 0 0 0
0 0 0 0 3 3 3 3
0 0 3 3 0 1 3 4
0 0 3 3 3 4 0 1
0 3 2 5 1 5 4 2
0 3 2 5 4 2 1 5
0 3 5 2 2 5 2 5
0 3 5 2 5 2 5 2

Matrix 145:
0 0 0 0 0 0 0 0
0 0 0 0 3 3 3 3
0 0 3 3 0 1 3 4
0 3 0 3 0 4 3 1
0 2 5 3 3 0 0 3
0 5 2 3 3 3 0 0
0 3 3 0 1 4 1 4
0 3 3 0 4 1 4 1

Matrix 146:
0 0 0 0 0 0 0 0
0 0 0 0 3 3 3 3
0 0 3 3 0 1 3 4
0 3 0 3 0 4 3 1
0 2 5 3 3 0 0 3
0 5 2 3 3 3 0 0
0 3 3 0 2 5 2 5
0 3 3 0 5 2 5 2

Matrix 147:
0 0 0 0 0 0 0 0
0 0 0 0 3 3 3 3
0 0 3 3 0 1 3 4
0 3 0 3 0 4 3 1
0 3 3 0 1 4 1 4
0 3 3 0 4 1 4 1
0 1 4 3 3 5 0 2
0 4 1 3 3 2 0 5

Matrix 148:
0 0 0 0 0 0 0 0
0 0 0 0 3 3 3 3
0 0 3 3 0 1 3 4
0 3 0 3 0 4 3 1
0 1 4 3 3 5 0 2
0 4 1 3 3 2 0 5
0 3 3 0 2 5 2 5
0 3 3 0 5 2 5 2

Matrix 149:
0 0 0 0 0 0 0 0
0 0 0 0 3 3 3 3
0 0 3 3 0 1 3 4
0 3 0 3 3 1 0 4
0 3 3 0 1 4 1 4
0 3 3 0 4 1 4 1
0 1 4 3 4 4 1 1
0 4 1 3 1 4 4 1

Matrix 150:
0 0 0 0 0 0 0 0
0 0 0 0 3 3 3 3
0 0 3 3 0 1 3 4
0 3 0 3 3 1 0 4
0 3 3 0 1 4 1 4
0 3 3 0 4 1 4 1
0 2 5 3 5 4 2 1
0 5 2 3 2 4 5 1

Matrix 151:
0 0 0 0 0 0 0 0
0 0 0 0 3 3 3 3
0 0 3 3 0 1 3 4
0 3 0 3 3 1 0 4
0 3 3 0 2 5 2 5
0 3 3 0 5 2 5 2
0 1 4 3 4 4 1 1
0 4 1 3 1 4 4 1

Matrix 152:
0 0 0 0 0 0 0 0
0 0 0 0 3 3 3 3
0 0 3 3 0 1 3 4
0 3 0 3 3 1 0 4
0 3 3 0 2 5 2 5
0 3 3 0 5 2 5 2
0 2 5 3 5 4 2 1
0 5 2 3 2 4 5 1

Matrix 153:
0 0 0 0 0 0 0 0
0 0 0 0 3 3 3 3
0 1 3 4 0 0 3 3
0 1 3 4 3 3 0 0
0 3 0 3 0 3 1 4
0 3 0 3 3 0 4 1
0 4 3 1 0 3 4 1
0 4 3 1 3 0 1 4

Matrix 154:
0 0 0 0 0 0 0 0
0 0 0 0 3 3 3 3
0 1 3 4 0 0 3 3
0 1 3 4 3 3 0 0
0 3 0 3 0 3 1 4
0 3 0 3 3 0 4 1
0 4 3 1 2 5 0 3
0 4 3 1 5 2 3 0

Matrix 155:
0 0 0 0 0 0 0 0
0 0 0 0 3 3 3 3
0 1 3 4 0 0 3 3
0 1 3 4 3 3 0 0
0 3 0 3 0 3 1 4
0 3 0 3 3 0 4 1
0 4 3 1 1 4 5 2
0 4 3 1 4 1 2 5

Matrix 156:
0 0 0 0 0 0 0 0
0 0 0 0 3 3 3 3
0 1 3 4 0 0 3 3
0 1 3 4 3 3 0 0
0 3 0 3 1 4 0 3
0 3 0 3 4 1 3 0
0 4 3 1 1 4 3 0
0 4 3 1 4 1 0 3

Matrix 157:
0 0 0 0 0 0 0 0
0 0 0 0 3 3 3 3
0 1 3 4 0 0 3 3
0 1 3 4 3 3 0 0
0 3 0 3 1 4 0 3
0 3 0 3 4 1 3 0
0 4 3 1 0 3 2 5
0 4 3 1 3 0 5 2

Matrix 158:
0 0 0 0 0 0 0 0
0 0 0 0 3 3 3 3
0 1 3 4 0 0 3 3
0 1 3 4 3 3 0 0
0 3 0 3 1 4 0 3
0 3 0 3 4 1 3 0
0 4 3 1 2 5 4 1
0 4 3 1 5 2 1 4

Matrix 159:
0 0 0 0 0 0 0 0
0 0 0 0 3 3 3 3
0 1 3 4 0 0 3 3
0 1 3 4 3 3 0 0
0 4 3 1 0 3 0 3
0 4 3 1 3 0 3 0
0 3 0 3 1 4 4 1
0 3 0 3 4 1 1 4

Matrix 160:
0 0 0 0 0 0 0 0
0 0 0 0 3 3 3 3
0 1 3 4 0 0 3 3
0 1 3 4 3 3 0 0
0 4 3 1 0 3 0 3
0 4 3 1 3 0 3 0
0 3 0 3 2 5 5 2
0 3 0 3 5 2 2 5

Matrix 161:
0 0 0 0 0 0 0 0
0 0 0 0 3 3 3 3
0 1 3 4 0 0 3 3
0 1 3 4 3 3 0 0
0 3 0 3 0 3 2 5
0 3 0 3 3 0 5 2
0 4 3 1 1 4 0 3
0 4 3 1 4 1 3 0

Matrix 162:
0 0 0 0 0 0 0 0
0 0 0 0 3 3 3 3
0 1 3 4 0 0 3 3
0 1 3 4 3 3 0 0
0 3 0 3 0 3 2 5
0 3 0 3 3 0 5 2
0 4 3 1 0 3 5 2
0 4 3 1 3 0 2 5

Matrix 163:
0 0 0 0 0 0 0 0
0 0 0 0 3 3 3 3
0 1 3 4 0 0 3 3
0 1 3 4 3 3 0 0
0 3 0 3 0 3 2 5
0 3 0 3 3 0 5 2
0 4 3 1 2 5 1 4
0 4 3 1 5 2 4 1

Matrix 164:
0 0 0 0 0 0 0 0
0 0 0 0 3 3 3 3
0 1 3 4 0 0 3 3
0 1 3 4 3 3 0 0
0 3 0 3 2 5 0 3
0 3 0 3 5 2 3 0
0 4 3 1 0 3 1 4
0 4 3 1 3 0 4 1

Matrix 165:
0 0 0 0 0 0 0 0
0 0 0 0 3 3 3 3
0 1 3 4 0 0 3 3
0 1 3 4 3 3 0 0
0 3 0 3 2 5 0 3
0 3 0 3 5 2 3 0
0 4 3 1 2 5 3 0
0 4 3 1 5 2 0 3

Matrix 166:
0 0 0 0 0 0 0 0
0 0 0 0 3 3 3 3
0 1 3 4 0 0 3 3
0 1 3 4 3 3 0 0
0 3 0 3 2 5 0 3
0 3 0 3 5 2 3 0
0 4 3 1 1 4 2 5
0 4 3 1 4 1 5 2

Matrix 167:
0 0 0 0 0 0 0 0
0 0 0 0 3 3 3 3
0 1 3 4 0 0 3 3
0 1 3 4 3 3 0 0
0 3 0 3 1 4 1 4
0 3 0 3 4 1 4 1
0 4 3 1 1 4 4 1
0 4 3 1 4 1 1 4

Matrix 168:
0 0 0 0 0 0 0 0
0 0 0 0 3 3 3 3
0 1 3 4 0 0 3 3
0 1 3 4 3 3 0 0
0 3 0 3 1 4 1 4
0 3 0 3 4 1 4 1
0 4 3 1 2 5 5 2
0 4 3 1 5 2 2 5

Matrix 169:
0 0 0 0 0 0 0 0
0 0 0 0 3 3 3 3
0 1 3 4 0 0 3 3
0 1 3 4 3 3 0 0
0 4 3 1 0 3 1 4
0 4 3 1 3 0 4 1
0 3 0 3 1 4 5 2
0 3 0 3 4 1 2 5

Matrix 170:
0 0 0 0 0 0 0 0
0 0 0 0 3 3 3 3
0 1 3 4 0 0 3 3
0 1 3 4 3 3 0 0
0 4 3 1 1 4 0 3
0 4 3 1 4 1 3 0
0 3 0 3 2 5 4 1
0 3 0 3 5 2 1 4

Matrix 171:
0 0 0 0 0 0 0 0
0 0 0 0 3 3 3 3
0 1 3 4 0 0 3 3
0 1 3 4 3 3 0 0
0 3 0 3 1 4 2 5
0 3 0 3 4 1 5 2
0 4 3 1 2 5 0 3
0 4 3 1 5 2 3 0

Matrix 172:
0 0 0 0 0 0 0 0
0 0 0 0 3 3 3 3
0 1 3 4 0 0 3 3
0 1 3 4 3 3 0 0
0 3 0 3 1 4 2 5
0 3 0 3 4 1 5 2
0 4 3 1 1 4 5 2
0 4 3 1 4 1 2 5

Matrix 173:
0 0 0 0 0 0 0 0
0 0 0 0 3 3 3 3
0 1 3 4 0 0 3 3
0 1 3 4 3 3 0 0
0 3 0 3 2 5 1 4
0 3 0 3 5 2 4 1
0 4 3 1 0 3 2 5
0 4 3 1 3 0 5 2

Matrix 174:
0 0 0 0 0 0 0 0
0 0 0 0 3 3 3 3
0 1 3 4 0 0 3 3
0 1 3 4 3 3 0 0
0 3 0 3 2 5 1 4
0 3 0 3 5 2 4 1
0 4 3 1 2 5 4 1
0 4 3 1 5 2 1 4

Matrix 175:
0 0 0 0 0 0 0 0
0 0 0 0 3 3 3 3
0 1 3 4 0 0 3 3
0 1 3 4 3 3 0 0
0 3 0 3 2 5 2 5
0 3 0 3 5 2 5 2
0 4 3 1 1 4 4 1
0 4 3 1 4 1 1 4

Matrix 176:
0 0 0 0 0 0 0 0
0 0 0 0 3 3 3 3
0 1 3 4 0 0 3 3
0 1 3 4 3 3 0 0
0 3 0 3 2 5 2 5
0 3 0 3 5 2 5 2
0 4 3 1 2 5 5 2
0 4 3 1 5 2 2 5

Matrix 177:
0 0 0 0 0 0 0 0
0 0 0 0 3 3 3 3
0 1 3 4 0 0 3 3
0 4 3 1 0 3 0 3
0 0 3 3 3 2 5 0
0 3 3 0 3 5 2 0
0 3 0 3 1 4 4 1
0 3 0 3 4 1 1 4

Matrix 178:
0 0 0 0 0 0 0 0
0 0 0 0 3 3 3 3
0 1 3 4 0 0 3 3
0 4 3 1 0 3 0 3
0 0 3 3 3 2 5 0
0 3 3 0 3 5 2 0
0 3 0 3 2 5 5 2
0 3 0 3 5 2 2 5

Matrix 179:
0 0 0 0 0 0 0 0
0 0 0 0 3 3 3 3
0 1 3 4 0 0 3 3
0 4 3 1 0 3 0 3
0 3 0 3 1 4 4 1
0 3 0 3 4 1 1 4
0 2 3 5 3 4 1 0
0 5 3 2 3 1 4 0

Matrix 180:
0 0 0 0 0 0 0 0
0 0 0 0 3 3 3 3
0 1 3 4 0 0 3 3
0 4 3 1 0 3 0 3
0 2 3 5 3 4 1 0
0 5 3 2 3 1 4 0
0 3 0 3 2 5 5 2
0 3 0 3 5 2 2 5

Matrix 181:
0 0 0 0 0 0 0 0
0 0 0 0 3 3 3 3
0 0 3 3 0 2 3 5
0 0 3 3 3 5 0 2
0 3 0 3 0 5 3 2
0 3 0 3 3 2 0 5
0 3 3 0 1 4 1 4
0 3 3 0 4 1 4 1

Matrix 182:
0 0 0 0 0 0 0 0
0 0 0 0 3 3 3 3
0 0 3 3 0 2 3 5
0 0 3 3 3 5 0 2
0 3 0 3 0 5 3 2
0 3 0 3 3 2 0 5
0 3 3 0 2 5 2 5
0 3 3 0 5 2 5 2

Matrix 183:
0 0 0 0 0 0 0 0
0 0 0 0 3 3 3 3
0 0 3 3 0 2 3 5
0 0 3 3 3 5 0 2
0 3 2 5 0 3 0 3
0 3 2 5 3 0 3 0
0 3 5 2 1 0 4 3
0 3 5 2 4 3 1 0

Matrix 184:
0 0 0 0 0 0 0 0
0 0 0 0 3 3 3 3
0 0 3 3 0 2 3 5
0 0 3 3 3 5 0 2
0 3 2 5 0 3 0 3
0 3 2 5 3 0 3 0
0 3 5 2 0 5 3 2
0 3 5 2 3 2 0 5

Matrix 185:
0 0 0 0 0 0 0 0
0 0 0 0 3 3 3 3
0 0 3 3 0 2 3 5
0 0 3 3 3 5 0 2
0 3 2 5 0 3 0 3
0 3 2 5 3 0 3 0
0 3 5 2 2 1 5 4
0 3 5 2 5 4 2 1

Matrix 186:
0 0 0 0 0 0 0 0
0 0 0 0 3 3 3 3
0 0 3 3 0 2 3 5
0 0 3 3 3 5 0 2
0 3 0 3 1 4 1 4
0 3 0 3 4 1 4 1
0 3 3 0 2 1 5 4
0 3 3 0 5 4 2 1

Matrix 187:
0 0 0 0 0 0 0 0
0 0 0 0 3 3 3 3
0 0 3 3 0 2 3 5
0 0 3 3 3 5 0 2
0 3 1 4 1 0 4 3
0 3 1 4 4 3 1 0
0 3 4 1 1 4 1 4
0 3 4 1 4 1 4 1

Matrix 188:
0 0 0 0 0 0 0 0
0 0 0 0 3 3 3 3
0 0 3 3 0 2 3 5
0 0 3 3 3 5 0 2
0 3 1 4 1 0 4 3
0 3 1 4 4 3 1 0
0 3 4 1 2 5 2 5
0 3 4 1 5 2 5 2

Matrix 189:
0 0 0 0 0 0 0 0
0 0 0 0 3 3 3 3
0 0 3 3 0 2 3 5
0 0 3 3 3 5 0 2
0 3 0 3 2 1 5 4
0 3 0 3 5 4 2 1
0 3 3 0 2 5 2 5
0 3 3 0 5 2 5 2

Matrix 190:
0 0 0 0 0 0 0 0
0 0 0 0 3 3 3 3
0 0 3 3 0 2 3 5
0 0 3 3 3 5 0 2
0 3 1 4 0 5 3 2
0 3 1 4 3 2 0 5
0 3 4 1 1 4 1 4
0 3 4 1 4 1 4 1

Matrix 191:
0 0 0 0 0 0 0 0
0 0 0 0 3 3 3 3
0 0 3 3 0 2 3 5
0 0 3 3 3 5 0 2
0 3 1 4 0 5 3 2
0 3 1 4 3 2 0 5
0 3 4 1 2 5 2 5
0 3 4 1 5 2 5 2

Matrix 192:
0 0 0 0 0 0 0 0
0 0 0 0 3 3 3 3
0 0 3 3 0 2 3 5
0 0 3 3 3 5 0 2
0 3 2 5 1 0 4 3
0 3 2 5 4 3 1 0
0 3 5 2 1 4 1 4
0 3 5 2 4 1 4 1

Matrix 193:
0 0 0 0 0 0 0 0
0 0 0 0 3 3 3 3
0 0 3 3 0 2 3 5
0 0 3 3 3 5 0 2
0 3 2 5 1 0 4 3
0 3 2 5 4 3 1 0
0 3 5 2 2 5 2 5
0 3 5 2 5 2 5 2

Matrix 194:
0 0 0 0 0 0 0 0
0 0 0 0 3 3 3 3
0 0 3 3 0 2 3 5
0 0 3 3 3 5 0 2
0 3 2 5 0 5 3 2
0 3 2 5 3 2 0 5
0 3 5 2 1 4 1 4
0 3 5 2 4 1 4 1

Matrix 195:
0 0 0 0 0 0 0 0
0 0 0 0 3 3 3 3
0 0 3 3 0 2 3 5
0 0 3 3 3 5 0 2
0 3 2 5 0 5 3 2
0 3 2 5 3 2 0 5
0 3 5 2 2 5 2 5
0 3 5 2 5 2 5 2

Matrix 196:
0 0 0 0 0 0 0 0
0 0 0 0 3 3 3 3
0 0 3 3 0 2 3 5
0 0 3 3 3 5 0 2
0 3 1 4 1 4 1 4
0 3 1 4 4 1 4 1
0 3 4 1 2 1 5 4
0 3 4 1 5 4 2 1

Matrix 197:
0 0 0 0 0 0 0 0
0 0 0 0 3 3 3 3
0 0 3 3 0 2 3 5
0 0 3 3 3 5 0 2
0 3 1 4 2 1 5 4
0 3 1 4 5 4 2 1
0 3 4 1 2 5 2 5
0 3 4 1 5 2 5 2

Matrix 198:
0 0 0 0 0 0 0 0
0 0 0 0 3 3 3 3
0 0 3 3 0 2 3 5
0 0 3 3 3 5 0 2
0 3 2 5 1 4 1 4
0 3 2 5 4 1 4 1
0 3 5 2 2 1 5 4
0 3 5 2 5 4 2 1

Matrix 199:
0 0 0 0 0 0 0 0
0 0 0 0 3 3 3 3
0 0 3 3 0 2 3 5
0 0 3 3 3 5 0 2
0 3 2 5 2 1 5 4
0 3 2 5 5 4 2 1
0 3 5 2 2 5 2 5
0 3 5 2 5 2 5 2

Matrix 200:
0 0 0 0 0 0 0 0
0 0 0 0 3 3 3 3
0 0 3 3 0 2 3 5
0 3 0 3 0 5 3 2
0 3 3 0 1 4 1 4
0 3 3 0 4 1 4 1
0 2 5 3 3 1 0 4
0 5 2 3 3 4 0 1

Matrix 201:
0 0 0 0 0 0 0 0
0 0 0 0 3 3 3 3
0 0 3 3 0 2 3 5
0 3 0 3 0 5 3 2
0 2 5 3 3 1 0 4
0 5 2 3 3 4 0 1
0 3 3 0 2 5 2 5
0 3 3 0 5 2 5 2

Matrix 202:
0 0 0 0 0 0 0 0
0 0 0 0 3 3 3 3
0 0 3 3 0 2 3 5
0 3 0 3 3 2 0 5
0 3 3 0 1 4 1 4
0 3 3 0 4 1 4 1
0 1 4 3 4 5 1 2
0 4 1 3 1 5 4 2

Matrix 203:
0 0 0 0 0 0 0 0
0 0 0 0 3 3 3 3
0 0 3 3 0 2 3 5
0 3 0 3 3 2 0 5
0 3 3 0 1 4 1 4
0 3 3 0 4 1 4 1
0 2 5 3 5 5 2 2
0 5 2 3 2 5 5 2

Matrix 204:
0 0 0 0 0 0 0 0
0 0 0 0 3 3 3 3
0 0 3 3 0 2 3 5
0 3 0 3 3 2 0 5
0 3 3 0 2 5 2 5
0 3 3 0 5 2 5 2
0 1 4 3 4 5 1 2
0 4 1 3 1 5 4 2

Matrix 205:
0 0 0 0 0 0 0 0
0 0 0 0 3 3 3 3
0 0 3 3 0 2 3 5
0 3 0 3 3 2 0 5
0 3 3 0 2 5 2 5
0 3 3 0 5 2 5 2
0 2 5 3 5 5 2 2
0 5 2 3 2 5 5 2

Matrix 206:
0 0 0 0 0 0 0 0
0 0 0 0 3 3 3 3
0 2 3 5 0 0 3 3
0 2 3 5 3 3 0 0
0 3 0 3 0 3 2 5
0 3 0 3 3 0 5 2
0 5 3 2 1 4 0 3
0 5 3 2 4 1 3 0

Matrix 207:
0 0 0 0 0 0 0 0
0 0 0 0 3 3 3 3
0 2 3 5 0 0 3 3
0 2 3 5 3 3 0 0
0 3 0 3 0 3 2 5
0 3 0 3 3 0 5 2
0 5 3 2 0 3 5 2
0 5 3 2 3 0 2 5

Matrix 208:
0 0 0 0 0 0 0 0
0 0 0 0 3 3 3 3
0 2 3 5 0 0 3 3
0 2 3 5 3 3 0 0
0 3 0 3 0 3 2 5
0 3 0 3 3 0 5 2
0 5 3 2 2 5 1 4
0 5 3 2 5 2 4 1

Matrix 209:
0 0 0 0 0 0 0 0
0 0 0 0 3 3 3 3
0 2 3 5 0 0 3 3
0 2 3 5 3 3 0 0
0 3 0 3 2 5 0 3
0 3 0 3 5 2 3 0
0 5 3 2 0 3 1 4
0 5 3 2 3 0 4 1

Matrix 210:
0 0 0 0 0 0 0 0
0 0 0 0 3 3 3 3
0 2 3 5 0 0 3 3
0 2 3 5 3 3 0 0
0 3 0 3 2 5 0 3
0 3 0 3 5 2 3 0
0 5 3 2 2 5 3 0
0 5 3 2 5 2 0 3

Matrix 211:
0 0 0 0 0 0 0 0
0 0 0 0 3 3 3 3
0 2 3 5 0 0 3 3
0 2 3 5 3 3 0 0
0 3 0 3 2 5 0 3
0 3 0 3 5 2 3 0
0 5 3 2 1 4 2 5
0 5 3 2 4 1 5 2

Matrix 212:
0 0 0 0 0 0 0 0
0 0 0 0 3 3 3 3
0 2 3 5 0 0 3 3
0 2 3 5 3 3 0 0
0 5 3 2 0 3 0 3
0 5 3 2 3 0 3 0
0 3 0 3 1 4 4 1
0 3 0 3 4 1 1 4

Matrix 213:
0 0 0 0 0 0 0 0
0 0 0 0 3 3 3 3
0 2 3 5 0 0 3 3
0 2 3 5 3 3 0 0
0 5 3 2 0 3 0 3
0 5 3 2 3 0 3 0
0 3 0 3 2 5 5 2
0 3 0 3 5 2 2 5

Matrix 214:
0 0 0 0 0 0 0 0
0 0 0 0 3 3 3 3
0 2 3 5 0 0 3 3
0 2 3 5 3 3 0 0
0 3 0 3 1 4 1 4
0 3 0 3 4 1 4 1
0 5 3 2 1 4 4 1
0 5 3 2 4 1 1 4

Matrix 215:
0 0 0 0 0 0 0 0
0 0 0 0 3 3 3 3
0 2 3 5 0 0 3 3
0 2 3 5 3 3 0 0
0 3 0 3 1 4 1 4
0 3 0 3 4 1 4 1
0 5 3 2 2 5 5 2
0 5 3 2 5 2 2 5

Matrix 216:
0 0 0 0 0 0 0 0
0 0 0 0 3 3 3 3
0 2 3 5 0 0 3 3
0 2 3 5 3 3 0 0
0 3 0 3 1 4 2 5
0 3 0 3 4 1 5 2
0 5 3 2 0 3 4 1
0 5 3 2 3 0 1 4

Matrix 217:
0 0 0 0 0 0 0 0
0 0 0 0 3 3 3 3
0 2 3 5 0 0 3 3
0 2 3 5 3 3 0 0
0 3 0 3 1 4 2 5
0 3 0 3 4 1 5 2
0 5 3 2 2 5 0 3
0 5 3 2 5 2 3 0

Matrix 218:
0 0 0 0 0 0 0 0
0 0 0 0 3 3 3 3
0 2 3 5 0 0 3 3
0 2 3 5 3 3 0 0
0 3 0 3 1 4 2 5
0 3 0 3 4 1 5 2
0 5 3 2 1 4 5 2
0 5 3 2 4 1 2 5

Matrix 219:
0 0 0 0 0 0 0 0
0 0 0 0 3 3 3 3
0 2 3 5 0 0 3 3
0 2 3 5 3 3 0 0
0 3 0 3 2 5 1 4
0 3 0 3 5 2 4 1
0 5 3 2 1 4 3 0
0 5 3 2 4 1 0 3

Matrix 220:
0 0 0 0 0 0 0 0
0 0 0 0 3 3 3 3
0 2 3 5 0 0 3 3
0 2 3 5 3 3 0 0
0 3 0 3 2 5 1 4
0 3 0 3 5 2 4 1
0 5 3 2 0 3 2 5
0 5 3 2 3 0 5 2

Matrix 221:
0 0 0 0 0 0 0 0
0 0 0 0 3 3 3 3
0 2 3 5 0 0 3 3
0 2 3 5 3 3 0 0
0 3 0 3 2 5 1 4
0 3 0 3 5 2 4 1
0 5 3 2 2 5 4 1
0 5 3 2 5 2 1 4

Matrix 222:
0 0 0 0 0 0 0 0
0 0 0 0 3 3 3 3
0 2 3 5 0 0 3 3
0 2 3 5 3 3 0 0
0 3 0 3 2 5 2 5
0 3 0 3 5 2 5 2
0 5 3 2 1 4 4 1
0 5 3 2 4 1 1 4

Matrix 223:
0 0 0 0 0 0 0 0
0 0 0 0 3 3 3 3
0 2 3 5 0 0 3 3
0 2 3 5 3 3 0 0
0 3 0 3 2 5 2 5
0 3 0 3 5 2 5 2
0 5 3 2 2 5 5 2
0 5 3 2 5 2 2 5

Matrix 224:
0 0 0 0 0 0 0 0
0 0 0 0 3 3 3 3
0 2 3 5 0 0 3 3
0 5 3 2 0 3 0 3
0 3 0 3 1 4 4 1
0 3 0 3 4 1 1 4
0 1 3 4 3 2 5 0
0 4 3 1 3 5 2 0

Matrix 225:
0 0 0 0 0 0 0 0
0 0 0 0 3 3 3 3
0 2 3 5 0 0 3 3
0 5 3 2 0 3 0 3
0 1 3 4 3 2 5 0
0 4 3 1 3 5 2 0
0 3 0 3 2 5 5 2
0 3 0 3 5 2 2 5

Matrix 226:
0 0 0 0 0 0 0 0
0 0 0 0 3 3 3 3
0 0 3 3 1 1 4 4
0 0 3 3 4 4 1 1
0 3 0 3 1 4 1 4
0 3 0 3 4 1 4 1
0 3 3 0 1 4 4 1
0 3 3 0 4 1 1 4

Matrix 227:
0 0 0 0 0 0 0 0
0 0 0 0 3 3 3 3
0 0 3 3 1 1 4 4
0 0 3 3 4 4 1 1
0 3 0 3 1 4 1 4
0 3 0 3 4 1 4 1
0 3 3 0 2 5 5 2
0 3 3 0 5 2 2 5

Matrix 228:
0 0 0 0 0 0 0 0
0 0 0 0 3 3 3 3
0 0 3 3 1 1 4 4
0 0 3 3 4 4 1 1
0 3 0 3 1 4 1 4
0 3 3 0 1 4 4 1
0 3 2 5 4 1 0 3
0 3 5 2 4 1 3 0

Matrix 229:
0 0 0 0 0 0 0 0
0 0 0 0 3 3 3 3
0 0 3 3 1 1 4 4
0 0 3 3 4 4 1 1
0 3 0 3 1 4 1 4
0 3 3 0 1 4 4 1
0 3 1 4 4 1 5 2
0 3 4 1 4 1 2 5

Matrix 230:
0 0 0 0 0 0 0 0
0 0 0 0 3 3 3 3
0 0 3 3 1 1 4 4
0 0 3 3 4 4 1 1
0 3 0 3 1 4 1 4
0 3 3 0 4 1 1 4
0 3 2 5 0 3 4 1
0 3 5 2 3 0 4 1

Matrix 231:
0 0 0 0 0 0 0 0
0 0 0 0 3 3 3 3
0 0 3 3 1 1 4 4
0 0 3 3 4 4 1 1
0 3 0 3 1 4 1 4
0 3 3 0 4 1 1 4
0 3 1 4 5 2 4 1
0 3 4 1 2 5 4 1

Matrix 232:
0 0 0 0 0 0 0 0
0 0 0 0 3 3 3 3
0 0 3 3 1 1 4 4
0 0 3 3 4 4 1 1
0 3 1 4 0 3 1 4
0 3 1 4 3 0 4 1
0 3 4 1 0 3 4 1
0 3 4 1 3 0 1 4

Matrix 233:
0 0 0 0 0 0 0 0
0 0 0 0 3 3 3 3
0 0 3 3 1 1 4 4
0 0 3 3 4 4 1 1
0 3 1 4 0 3 1 4
0 3 1 4 3 0 4 1
0 3 4 1 2 5 0 3
0 3 4 1 5 2 3 0

Matrix 234:
0 0 0 0 0 0 0 0
0 0 0 0 3 3 3 3
0 0 3 3 1 1 4 4
0 0 3 3 4 4 1 1
0 3 1 4 0 3 1 4
0 3 1 4 3 0 4 1
0 3 4 1 1 4 5 2
0 3 4 1 4 1 2 5

Matrix 235:
0 0 0 0 0 0 0 0
0 0 0 0 3 3 3 3
0 0 3 3 1 1 4 4
0 0 3 3 4 4 1 1
0 3 1 4 0 3 1 4
0 3 4 1 0 3 4 1
0 3 2 5 3 0 5 2
0 3 5 2 3 0 2 5

Matrix 236:
0 0 0 0 0 0 0 0
0 0 0 0 3 3 3 3
0 0 3 3 1 1 4 4
0 0 3 3 4 4 1 1
0 3 1 4 0 3 1 4
0 3 4 1 3 0 1 4
0 3 0 3 2 5 4 1
0 3 3 0 5 2 4 1

Matrix 237:
0 0 0 0 0 0 0 0
0 0 0 0 3 3 3 3
0 0 3 3 1 1 4 4
0 0 3 3 4 4 1 1
0 3 1 4 0 3 1 4
0 3 4 1 3 0 1 4
0 3 2 5 4 1 4 1
0 3 5 2 1 4 4 1

Matrix 238:
0 0 0 0 0 0 0 0
0 0 0 0 3 3 3 3
0 0 3 3 1 1 4 4
0 0 3 3 4 4 1 1
0 3 1 4 1 4 0 3
0 3 1 4 4 1 3 0
0 3 4 1 1 4 3 0
0 3 4 1 4 1 0 3

Matrix 239:
0 0 0 0 0 0 0 0
0 0 0 0 3 3 3 3
0 0 3 3 1 1 4 4
0 0 3 3 4 4 1 1
0 3 1 4 1 4 0 3
0 3 1 4 4 1 3 0
0 3 4 1 0 3 2 5
0 3 4 1 3 0 5 2

Matrix 240:
0 0 0 0 0 0 0 0
0 0 0 0 3 3 3 3
0 0 3 3 1 1 4 4
0 0 3 3 4 4 1 1
0 3 1 4 1 4 0 3
0 3 1 4 4 1 3 0
0 3 4 1 2 5 4 1
0 3 4 1 5 2 1 4

Matrix 241:
0 0 0 0 0 0 0 0
0 0 0 0 3 3 3 3
0 0 3 3 1 1 4 4
0 0 3 3 4 4 1 1
0 3 1 4 1 4 0 3
0 3 4 1 1 4 3 0
0 3 0 3 4 1 2 5
0 3 3 0 4 1 5 2

Matrix 242:
0 0 0 0 0 0 0 0
0 0 0 0 3 3 3 3
0 0 3 3 1 1 4 4
0 0 3 3 4 4 1 1
0 3 1 4 1 4 0 3
0 3 4 1 1 4 3 0
0 3 2 5 4 1 4 1
0 3 5 2 4 1 1 4

Matrix 243:
0 0 0 0 0 0 0 0
0 0 0 0 3 3 3 3
0 0 3 3 1 1 4 4
0 0 3 3 4 4 1 1
0 3 1 4 1 4 0 3
0 3 4 1 4 1 0 3
0 3 2 5 5 2 3 0
0 3 5 2 2 5 3 0

Matrix 244:
0 0 0 0 0 0 0 0
0 0 0 0 3 3 3 3
0 0 3 3 1 1 4 4
0 0 3 3 4 4 1 1
0 3 0 3 1 4 2 5
0 3 0 3 4 1 5 2
0 3 3 0 1 4 5 2
0 3 3 0 4 1 2 5

Matrix 245:
0 0 0 0 0 0 0 0
0 0 0 0 3 3 3 3
0 0 3 3 1 1 4 4
0 0 3 3 4 4 1 1
0 3 0 3 1 4 2 5
0 3 3 0 1 4 5 2
0 3 2 5 4 1 1 4
0 3 5 2 4 1 4 1

Matrix 246:
0 0 0 0 0 0 0 0
0 0 0 0 3 3 3 3
0 0 3 3 1 1 4 4
0 0 3 3 4 4 1 1
0 3 0 3 1 4 2 5
0 3 3 0 4 1 2 5
0 3 2 5 0 3 5 2
0 3 5 2 3 0 5 2

Matrix 247:
0 0 0 0 0 0 0 0
0 0 0 0 3 3 3 3
0 0 3 3 1 1 4 4
0 0 3 3 4 4 1 1
0 3 0 3 1 4 2 5
0 3 3 0 4 1 2 5
0 3 1 4 5 2 5 2
0 3 4 1 2 5 5 2

Matrix 248:
0 0 0 0 0 0 0 0
0 0 0 0 3 3 3 3
0 0 3 3 1 1 4 4
0 0 3 3 4 4 1 1
0 3 0 3 2 5 1 4
0 3 0 3 5 2 4 1
0 3 3 0 2 5 4 1
0 3 3 0 5 2 1 4

Matrix 249:
0 0 0 0 0 0 0 0
0 0 0 0 3 3 3 3
0 0 3 3 1 1 4 4
0 0 3 3 4 4 1 1
0 3 0 3 2 5 1 4
0 3 3 0 2 5 4 1
0 3 2 5 5 2 0 3
0 3 5 2 5 2 3 0

Matrix 250:
0 0 0 0 0 0 0 0
0 0 0 0 3 3 3 3
0 0 3 3 1 1 4 4
0 0 3 3 4 4 1 1
0 3 0 3 2 5 1 4
0 3 3 0 2 5 4 1
0 3 1 4 5 2 5 2
0 3 4 1 5 2 2 5

Matrix 251:
0 0 0 0 0 0 0 0
0 0 0 0 3 3 3 3
0 0 3 3 1 1 4 4
0 0 3 3 4 4 1 1
0 3 0 3 2 5 1 4
0 3 3 0 5 2 1 4
0 3 2 5 1 4 4 1
0 3 5 2 4 1 4 1

Matrix 252:
0 0 0 0 0 0 0 0
0 0 0 0 3 3 3 3
0 0 3 3 1 1 4 4
0 0 3 3 4 4 1 1
0 3 1 4 0 3 2 5
0 3 1 4 3 0 5 2
0 3 4 1 0 3 5 2
0 3 4 1 3 0 2 5

Matrix 253:
0 0 0 0 0 0 0 0
0 0 0 0 3 3 3 3
0 0 3 3 1 1 4 4
0 0 3 3 4 4 1 1
0 3 1 4 0 3 2 5
0 3 1 4 3 0 5 2
0 3 4 1 2 5 1 4
0 3 4 1 5 2 4 1

Matrix 254:
0 0 0 0 0 0 0 0
0 0 0 0 3 3 3 3
0 0 3 3 1 1 4 4
0 0 3 3 4 4 1 1
0 3 1 4 0 3 2 5
0 3 4 1 3 0 2 5
0 3 0 3 2 5 5 2
0 3 3 0 5 2 5 2

Matrix 255:
0 0 0 0 0 0 0 0
0 0 0 0 3 3 3 3
0 0 3 3 1 1 4 4
0 0 3 3 4 4 1 1
0 3 1 4 0 3 2 5
0 3 4 1 3 0 2 5
0 3 2 5 4 1 5 2
0 3 5 2 1 4 5 2

Matrix 256:
0 0 0 0 0 0 0 0
0 0 0 0 3 3 3 3
0 0 3 3 1 1 4 4
0 0 3 3 4 4 1 1
0 3 1 4 2 5 0 3
0 3 1 4 5 2 3 0
0 3 4 1 2 5 3 0
0 3 4 1 5 2 0 3

Matrix 257:
0 0 0 0 0 0 0 0
0 0 0 0 3 3 3 3
0 0 3 3 1 1 4 4
0 0 3 3 4 4 1 1
0 3 1 4 2 5 0 3
0 3 1 4 5 2 3 0
0 3 4 1 1 4 2 5
0 3 4 1 4 1 5 2

Matrix 258:
0 0 0 0 0 0 0 0
0 0 0 0 3 3 3 3
0 0 3 3 1 1 4 4
0 0 3 3 4 4 1 1
0 3 1 4 2 5 0 3
0 3 4 1 2 5 3 0
0 3 0 3 5 2 2 5
0 3 3 0 5 2 5 2

Matrix 259:
0 0 0 0 0 0 0 0
0 0 0 0 3 3 3 3
0 0 3 3 1 1 4 4
0 0 3 3 4 4 1 1
0 3 1 4 2 5 0 3
0 3 4 1 2 5 3 0
0 3 2 5 5 2 4 1
0 3 5 2 5 2 1 4

Matrix 260:
0 0 0 0 0 0 0 0
0 0 0 0 3 3 3 3
0 0 3 3 1 1 4 4
0 0 3 3 4 4 1 1
0 3 2 5 0 3 1 4
0 3 2 5 3 0 4 1
0 3 5 2 0 3 4 1
0 3 5 2 3 0 1 4

Matrix 261:
0 0 0 0 0 0 0 0
0 0 0 0 3 3 3 3
0 0 3 3 1 1 4 4
0 0 3 3 4 4 1 1
0 3 2 5 0 3 1 4
0 3 2 5 3 0 4 1
0 3 5 2 2 5 0 3
0 3 5 2 5 2 3 0

Matrix 262:
0 0 0 0 0 0 0 0
0 0 0 0 3 3 3 3
0 0 3 3 1 1 4 4
0 0 3 3 4 4 1 1
0 3 2 5 0 3 1 4
0 3 2 5 3 0 4 1
0 3 5 2 1 4 5 2
0 3 5 2 4 1 2 5

Matrix 263:
0 0 0 0 0 0 0 0
0 0 0 0 3 3 3 3
0 0 3 3 1 1 4 4
0 0 3 3 4 4 1 1
0 3 2 5 0 3 1 4
0 3 5 2 3 0 1 4
0 3 1 4 2 5 4 1
0 3 4 1 5 2 4 1

Matrix 264:
0 0 0 0 0 0 0 0
0 0 0 0 3 3 3 3
0 0 3 3 1 1 4 4
0 0 3 3 4 4 1 1
0 3 2 5 1 4 0 3
0 3 2 5 4 1 3 0
0 3 5 2 1 4 3 0
0 3 5 2 4 1 0 3

Matrix 265:
0 0 0 0 0 0 0 0
0 0 0 0 3 3 3 3
0 0 3 3 1 1 4 4
0 0 3 3 4 4 1 1
0 3 2 5 1 4 0 3
0 3 2 5 4 1 3 0
0 3 5 2 0 3 2 5
0 3 5 2 3 0 5 2

Matrix 266:
0 0 0 0 0 0 0 0
0 0 0 0 3 3 3 3
0 0 3 3 1 1 4 4
0 0 3 3 4 4 1 1
0 3 2 5 1 4 0 3
0 3 2 5 4 1 3 0
0 3 5 2 2 5 4 1
0 3 5 2 5 2 1 4

Matrix 267:
0 0 0 0 0 0 0 0
0 0 0 0 3 3 3 3
0 0 3 3 1 1 4 4
0 0 3 3 4 4 1 1
0 3 2 5 1 4 0 3
0 3 5 2 1 4 3 0
0 3 1 4 4 1 2 5
0 3 4 1 4 1 5 2

Matrix 268:
0 0 0 0 0 0 0 0
0 0 0 0 3 3 3 3
0 0 3 3 1 1 4 4
0 0 3 3 4 4 1 1
0 3 0 3 2 5 2 5
0 3 0 3 5 2 5 2
0 3 3 0 2 5 5 2
0 3 3 0 5 2 2 5

Matrix 269:
0 0 0 0 0 0 0 0
0 0 0 0 3 3 3 3
0 0 3 3 1 1 4 4
0 0 3 3 4 4 1 1
0 3 0 3 2 5 2 5
0 3 3 0 2 5 5 2
0 3 2 5 5 2 1 4
0 3 5 2 5 2 4 1

Matrix 270:
0 0 0 0 0 0 0 0
0 0 0 0 3 3 3 3
0 0 3 3 1 1 4 4
0 0 3 3 4 4 1 1
0 3 0 3 2 5 2 5
0 3 3 0 5 2 2 5
0 3 2 5 1 4 5 2
0 3 5 2 4 1 5 2

Matrix 271:
0 0 0 0 0 0 0 0
0 0 0 0 3 3 3 3
0 0 3 3 1 1 4 4
0 0 3 3 4 4 1 1
0 3 2 5 0 3 2 5
0 3 2 5 3 0 5 2
0 3 5 2 0 3 5 2
0 3 5 2 3 0 2 5

Matrix 272:
0 0 0 0 0 0 0 0
0 0 0 0 3 3 3 3
0 0 3 3 1 1 4 4
0 0 3 3 4 4 1 1
0 3 2 5 0 3 2 5
0 3 2 5 3 0 5 2
0 3 5 2 2 5 1 4
0 3 5 2 5 2 4 1

Matrix 273:
0 0 0 0 0 0 0 0
0 0 0 0 3 3 3 3
0 0 3 3 1 1 4 4
0 0 3 3 4 4 1 1
0 3 2 5 0 3 2 5
0 3 5 2 3 0 2 5
0 3 1 4 2 5 5 2
0 3 4 1 5 2 5 2

Matrix 274:
0 0 0 0 0 0 0 0
0 0 0 0 3 3 3 3
0 0 3 3 1 1 4 4
0 0 3 3 4 4 1 1
0 3 2 5 2 5 0 3
0 3 2 5 5 2 3 0
0 3 5 2 2 5 3 0
0 3 5 2 5 2 0 3

Matrix 275:
0 0 0 0 0 0 0 0
0 0 0 0 3 3 3 3
0 0 3 3 1 1 4 4
0 0 3 3 4 4 1 1
0 3 2 5 2 5 0 3
0 3 2 5 5 2 3 0
0 3 5 2 1 4 2 5
0 3 5 2 4 1 5 2

Matrix 276:
0 0 0 0 0 0 0 0
0 0 0 0 3 3 3 3
0 0 3 3 1 1 4 4
0 0 3 3 4 4 1 1
0 3 2 5 2 5 0 3
0 3 5 2 2 5 3 0
0 3 1 4 5 2 2 5
0 3 4 1 5 2 5 2

Matrix 277:
0 0 0 0 0 0 0 0
0 0 0 0 3 3 3 3
0 0 3 3 1 1 4 4
0 0 3 3 4 4 1 1
0 3 1 4 1 4 1 4
0 3 1 4 4 1 4 1
0 3 4 1 1 4 4 1
0 3 4 1 4 1 1 4

Matrix 278:
0 0 0 0 0 0 0 0
0 0 0 0 3 3 3 3
0 0 3 3 1 1 4 4
0 0 3 3 4 4 1 1
0 3 1 4 1 4 1 4
0 3 1 4 4 1 4 1
0 3 4 1 2 5 5 2
0 3 4 1 5 2 2 5

Matrix 279:
0 0 0 0 0 0 0 0
0 0 0 0 3 3 3 3
0 0 3 3 1 1 4 4
0 0 3 3 4 4 1 1
0 3 1 4 1 4 1 4
0 3 4 1 1 4 4 1
0 3 2 5 4 1 5 2
0 3 5 2 4 1 2 5

Matrix 280:
0 0 0 0 0 0 0 0
0 0 0 0 3 3 3 3
0 0 3 3 1 1 4 4
0 0 3 3 4 4 1 1
0 3 1 4 1 4 1 4
0 3 4 1 4 1 1 4
0 3 2 5 5 2 4 1
0 3 5 2 2 5 4 1

Matrix 281:
0 0 0 0 0 0 0 0
0 0 0 0 3 3 3 3
0 0 3 3 1 1 4 4
0 0 3 3 4 4 1 1
0 3 1 4 1 4 2 5
0 3 1 4 4 1 5 2
0 3 4 1 1 4 5 2
0 3 4 1 4 1 2 5

Matrix 282:
0 0 0 0 0 0 0 0
0 0 0 0 3 3 3 3
0 0 3 3 1 1 4 4
0 0 3 3 4 4 1 1
0 3 1 4 1 4 2 5
0 3 4 1 4 1 2 5
0 3 2 5 5 2 5 2
0 3 5 2 2 5 5 2

Matrix 283:
0 0 0 0 0 0 0 0
0 0 0 0 3 3 3 3
0 0 3 3 1 1 4 4
0 0 3 3 4 4 1 1
0 3 1 4 2 5 1 4
0 3 1 4 5 2 4 1
0 3 4 1 2 5 4 1
0 3 4 1 5 2 1 4

Matrix 284:
0 0 0 0 0 0 0 0
0 0 0 0 3 3 3 3
0 0 3 3 1 1 4 4
0 0 3 3 4 4 1 1
0 3 1 4 2 5 1 4
0 3 4 1 2 5 4 1
0 3 2 5 5 2 5 2
0 3 5 2 5 2 2 5

Matrix 285:
0 0 0 0 0 0 0 0
0 0 0 0 3 3 3 3
0 0 3 3 1 1 4 4
0 0 3 3 4 4 1 1
0 3 2 5 1 4 1 4
0 3 2 5 4 1 4 1
0 3 5 2 1 4 4 1
0 3 5 2 4 1 1 4

Matrix 286:
0 0 0 0 0 0 0 0
0 0 0 0 3 3 3 3
0 0 3 3 1 1 4 4
0 0 3 3 4 4 1 1
0 3 2 5 1 4 1 4
0 3 2 5 4 1 4 1
0 3 5 2 2 5 5 2
0 3 5 2 5 2 2 5

Matrix 287:
0 0 0 0 0 0 0 0
0 0 0 0 3 3 3 3
0 0 3 3 1 1 4 4
0 0 3 3 4 4 1 1
0 3 1 4 2 5 2 5
0 3 1 4 5 2 5 2
0 3 4 1 2 5 5 2
0 3 4 1 5 2 2 5

Matrix 288:
0 0 0 0 0 0 0 0
0 0 0 0 3 3 3 3
0 0 3 3 1 1 4 4
0 0 3 3 4 4 1 1
0 3 2 5 1 4 2 5
0 3 2 5 4 1 5 2
0 3 5 2 1 4 5 2
0 3 5 2 4 1 2 5

Matrix 289:
0 0 0 0 0 0 0 0
0 0 0 0 3 3 3 3
0 0 3 3 1 1 4 4
0 0 3 3 4 4 1 1
0 3 2 5 2 5 1 4
0 3 2 5 5 2 4 1
0 3 5 2 2 5 4 1
0 3 5 2 5 2 1 4

Matrix 290:
0 0 0 0 0 0 0 0
0 0 0 0 3 3 3 3
0 0 3 3 1 1 4 4
0 0 3 3 4 4 1 1
0 3 2 5 2 5 2 5
0 3 2 5 5 2 5 2
0 3 5 2 2 5 5 2
0 3 5 2 5 2 2 5

Matrix 291:
0 0 0 0 0 0 0 0
0 0 0 0 3 3 3 3
0 0 3 3 1 1 4 4
0 3 0 3 1 4 1 4
0 3 0 3 4 1 4 1
0 3 3 0 1 4 4 1
0 2 3 5 4 0 1 3
0 5 3 2 4 3 1 0

Matrix 292:
0 0 0 0 0 0 0 0
0 0 0 0 3 3 3 3
0 0 3 3 1 1 4 4
0 3 0 3 1 4 1 4
0 3 0 3 4 1 4 1
0 3 3 0 1 4 4 1
0 1 3 4 4 5 1 2
0 4 3 1 4 2 1 5

Matrix 293:
0 0 0 0 0 0 0 0
0 0 0 0 3 3 3 3
0 0 3 3 1 1 4 4
0 3 0 3 1 4 1 4
0 3 0 3 4 1 4 1
0 3 3 0 4 1 1 4
0 2 3 5 0 4 3 1
0 5 3 2 3 4 0 1

Matrix 294:
0 0 0 0 0 0 0 0
0 0 0 0 3 3 3 3
0 0 3 3 1 1 4 4
0 3 0 3 1 4 1 4
0 3 0 3 4 1 4 1
0 3 3 0 4 1 1 4
0 1 3 4 5 4 2 1
0 4 3 1 2 4 5 1

Matrix 295:
0 0 0 0 0 0 0 0
0 0 0 0 3 3 3 3
0 0 3 3 1 1 4 4
0 3 0 3 1 4 1 4
0 3 3 0 1 4 4 1
0 3 3 0 4 1 1 4
0 2 5 3 4 0 3 1
0 5 2 3 4 3 0 1

Matrix 296:
0 0 0 0 0 0 0 0
0 0 0 0 3 3 3 3
0 0 3 3 1 1 4 4
0 3 0 3 1 4 1 4
0 3 3 0 1 4 4 1
0 3 3 0 4 1 1 4
0 1 4 3 4 5 2 1
0 4 1 3 4 2 5 1

Matrix 297:
0 0 0 0 0 0 0 0
0 0 0 0 3 3 3 3
0 0 3 3 1 1 4 4
0 3 0 3 1 4 1 4
0 2 3 5 0 4 3 1
0 3 2 5 4 1 0 3
0 3 5 2 4 1 3 0
0 5 3 2 3 4 0 1

Matrix 298:
0 0 0 0 0 0 0 0
0 0 0 0 3 3 3 3
0 0 3 3 1 1 4 4
0 3 0 3 1 4 1 4
0 2 3 5 0 4 3 1
0 5 3 2 3 4 0 1
0 3 1 4 4 1 5 2
0 3 4 1 4 1 2 5

Matrix 299:
0 0 0 0 0 0 0 0
0 0 0 0 3 3 3 3
0 0 3 3 1 1 4 4
0 3 0 3 1 4 1 4
0 3 2 5 0 3 4 1
0 3 5 2 3 0 4 1
0 1 3 4 4 5 1 2
0 4 3 1 4 2 1 5

Matrix 300:
0 0 0 0 0 0 0 0
0 0 0 0 3 3 3 3
0 0 3 3 1 1 4 4
0 3 0 3 1 4 1 4
0 3 2 5 4 1 0 3
0 3 5 2 4 1 3 0
0 1 3 4 5 4 2 1
0 4 3 1 2 4 5 1

Matrix 301:
0 0 0 0 0 0 0 0
0 0 0 0 3 3 3 3
0 0 3 3 1 1 4 4
0 3 0 3 1 4 1 4
0 3 3 0 2 5 5 2
0 3 3 0 5 2 2 5
0 1 4 3 4 5 2 1
0 4 1 3 4 2 5 1

Matrix 302:
0 0 0 0 0 0 0 0
0 0 0 0 3 3 3 3
0 0 3 3 1 1 4 4
0 3 0 3 1 4 1 4
0 1 3 4 4 5 1 2
0 3 1 4 5 2 4 1
0 3 4 1 2 5 4 1
0 4 3 1 4 2 1 5

Matrix 303:
0 0 0 0 0 0 0 0
0 0 0 0 3 3 3 3
0 1 3 4 0 1 3 4
0 1 3 4 3 4 0 1
0 3 0 3 1 4 1 4
0 3 0 3 4 1 4 1
0 4 3 1 0 4 3 1
0 4 3 1 3 1 0 4

Matrix 304:
0 0 0 0 0 0 0 0
0 0 0 0 3 3 3 3
0 1 3 4 0 1 3 4
0 1 3 4 3 4 0 1
0 3 0 3 1 4 1 4
0 3 0 3 4 1 4 1
0 4 3 1 2 0 5 3
0 4 3 1 5 3 2 0

Matrix 305:
0 0 0 0 0 0 0 0
0 0 0 0 3 3 3 3
0 1 3 4 0 1 3 4
0 1 3 4 3 4 0 1
0 3 0 3 1 4 1 4
0 3 0 3 4 1 4 1
0 4 3 1 1 5 4 2
0 4 3 1 4 2 1 5

Matrix 306:
0 0 0 0 0 0 0 0
0 0 0 0 3 3 3 3
0 1 3 4 0 1 3 4
0 1 3 4 3 4 0 1
0 4 3 1 0 4 3 1
0 4 3 1 3 1 0 4
0 3 0 3 2 5 2 5
0 3 0 3 5 2 5 2

Matrix 307:
0 0 0 0 0 0 0 0
0 0 0 0 3 3 3 3
0 1 3 4 0 1 3 4
0 1 3 4 3 4 0 1
0 3 0 3 1 5 4 2
0 3 0 3 4 2 1 5
0 4 3 1 1 4 1 4
0 4 3 1 4 1 4 1

Matrix 308:
0 0 0 0 0 0 0 0
0 0 0 0 3 3 3 3
0 1 3 4 0 1 3 4
0 1 3 4 3 4 0 1
0 3 0 3 1 5 4 2
0 3 0 3 4 2 1 5
0 4 3 1 2 5 2 5
0 4 3 1 5 2 5 2

Matrix 309:
0 0 0 0 0 0 0 0
0 0 0 0 3 3 3 3
0 1 3 4 0 1 3 4
0 1 3 4 3 4 0 1
0 4 3 1 2 0 5 3
0 4 3 1 5 3 2 0
0 3 0 3 2 5 2 5
0 3 0 3 5 2 5 2

Matrix 310:
0 0 0 0 0 0 0 0
0 0 0 0 3 3 3 3
0 1 3 4 0 1 3 4
0 1 3 4 3 4 0 1
0 3 0 3 2 5 2 5
0 3 0 3 5 2 5 2
0 4 3 1 1 5 4 2
0 4 3 1 4 2 1 5

Matrix 311:
0 0 0 0 0 0 0 0
0 0 0 0 3 3 3 3
0 1 3 4 0 1 3 4
0 1 4 3 3 4 1 0
0 3 1 4 1 4 0 3
0 3 4 1 4 1 0 3
0 4 1 3 3 1 4 0
0 4 3 1 0 4 3 1

Matrix 312:
0 0 0 0 0 0 0 0
0 0 0 0 3 3 3 3
0 1 3 4 0 1 3 4
0 1 4 3 3 4 1 0
0 4 1 3 3 1 4 0
0 4 3 1 0 4 3 1
0 3 2 5 2 5 0 3
0 3 5 2 5 2 0 3

Matrix 313:
0 0 0 0 0 0 0 0
0 0 0 0 3 3 3 3
0 1 3 4 0 1 3 4
0 1 4 3 4 3 0 1
0 3 1 4 3 0 4 1
0 3 4 1 3 0 1 4
0 4 1 3 1 3 0 4
0 4 3 1 0 4 3 1

Matrix 314:
0 0 0 0 0 0 0 0
0 0 0 0 3 3 3 3
0 1 3 4 0 1 3 4
0 1 4 3 4 3 0 1
0 4 1 3 1 3 0 4
0 4 3 1 0 4 3 1
0 3 2 5 3 0 5 2
0 3 5 2 3 0 2 5

Matrix 315:
0 0 0 0 0 0 0 0
0 0 0 0 3 3 3 3
0 1 3 4 0 1 3 4
0 3 0 3 1 4 1 4
0 3 0 3 4 1 4 1
0 4 3 1 0 4 3 1
0 2 3 5 3 5 0 2
0 5 3 2 3 2 0 5

Matrix 316:
0 0 0 0 0 0 0 0
0 0 0 0 3 3 3 3
0 1 3 4 0 1 3 4
0 3 0 3 1 4 1 4
0 3 0 3 4 1 4 1
0 4 3 1 3 1 0 4
0 0 3 3 2 4 5 1
0 3 3 0 5 4 2 1

Matrix 317:
0 0 0 0 0 0 0 0
0 0 0 0 3 3 3 3
0 1 3 4 0 1 3 4
0 3 0 3 1 4 1 4
0 3 0 3 4 1 4 1
0 4 3 1 3 1 0 4
0 2 3 5 4 4 1 1
0 5 3 2 1 4 4 1

Matrix 318:
0 0 0 0 0 0 0 0
0 0 0 0 3 3 3 3
0 1 3 4 0 1 3 4
0 3 1 4 1 4 0 3
0 3 4 1 4 1 0 3
0 4 3 1 0 4 3 1
0 2 5 3 3 5 2 0
0 5 2 3 3 2 5 0

Matrix 319:
0 0 0 0 0 0 0 0
0 0 0 0 3 3 3 3
0 1 3 4 0 1 3 4
0 3 1 4 3 0 4 1
0 3 4 1 3 0 1 4
0 4 3 1 0 4 3 1
0 2 5 3 5 3 0 2
0 5 2 3 2 3 0 5

Matrix 320:
0 0 0 0 0 0 0 0
0 0 0 0 3 3 3 3
0 1 3 4 0 1 3 4
0 3 4 1 0 4 1 3
0 4 1 3 0 3 4 1
0 2 5 3 3 0 5 2
0 3 2 5 3 5 2 0
0 5 3 2 3 2 0 5

Matrix 321:
0 0 0 0 0 0 0 0
0 0 0 0 3 3 3 3
0 1 3 4 0 1 3 4
0 3 4 1 4 0 3 1
0 4 1 3 1 4 3 0
0 2 5 3 2 5 0 3
0 3 2 5 5 3 0 2
0 5 3 2 3 2 0 5

Matrix 322:
0 0 0 0 0 0 0 0
0 0 0 0 3 3 3 3
0 1 3 4 0 1 3 4
0 4 3 1 0 4 3 1
0 2 3 5 3 5 0 2
0 3 0 3 2 5 2 5
0 3 0 3 5 2 5 2
0 5 3 2 3 2 0 5

Matrix 323:
0 0 0 0 0 0 0 0
0 0 0 0 3 3 3 3
0 1 3 4 0 1 3 4
0 4 3 1 3 1 0 4
0 0 3 3 2 4 5 1
0 3 3 0 5 4 2 1
0 3 0 3 2 5 2 5
0 3 0 3 5 2 5 2

Matrix 324:
0 0 0 0 0 0 0 0
0 0 0 0 3 3 3 3
0 1 3 4 0 1 3 4
0 4 3 1 3 1 0 4
0 3 0 3 2 5 2 5
0 3 0 3 5 2 5 2
0 2 3 5 4 4 1 1
0 5 3 2 1 4 4 1

Matrix 325:
0 0 0 0 0 0 0 0
0 0 0 0 3 3 3 3
0 0 3 3 1 2 4 5
0 0 3 3 4 5 1 2
0 3 0 3 1 5 4 2
0 3 0 3 4 2 1 5
0 3 3 0 2 5 2 5
0 3 3 0 5 2 5 2

Matrix 326:
0 0 0 0 0 0 0 0
0 0 0 0 3 3 3 3
0 0 3 3 1 2 4 5
0 0 3 3 4 5 1 2
0 3 1 4 2 0 5 3
0 3 1 4 5 3 2 0
0 3 4 1 1 4 1 4
0 3 4 1 4 1 4 1

Matrix 327:
0 0 0 0 0 0 0 0
0 0 0 0 3 3 3 3
0 0 3 3 1 2 4 5
0 0 3 3 4 5 1 2
0 3 1 4 2 0 5 3
0 3 1 4 5 3 2 0
0 3 4 1 2 5 2 5
0 3 4 1 5 2 5 2

Matrix 328:
0 0 0 0 0 0 0 0
0 0 0 0 3 3 3 3
0 0 3 3 1 2 4 5
0 0 3 3 4 5 1 2
0 3 2 5 0 4 3 1
0 3 2 5 3 1 0 4
0 3 5 2 1 4 1 4
0 3 5 2 4 1 4 1

Matrix 329:
0 0 0 0 0 0 0 0
0 0 0 0 3 3 3 3
0 0 3 3 1 2 4 5
0 0 3 3 4 5 1 2
0 3 2 5 0 4 3 1
0 3 2 5 3 1 0 4
0 3 5 2 2 5 2 5
0 3 5 2 5 2 5 2

Matrix 330:
0 0 0 0 0 0 0 0
0 0 0 0 3 3 3 3
0 0 3 3 1 2 4 5
0 0 3 3 4 5 1 2
0 3 2 5 2 0 5 3
0 3 2 5 5 3 2 0
0 3 5 2 1 4 1 4
0 3 5 2 4 1 4 1

Matrix 331:
0 0 0 0 0 0 0 0
0 0 0 0 3 3 3 3
0 0 3 3 1 2 4 5
0 0 3 3 4 5 1 2
0 3 2 5 2 0 5 3
0 3 2 5 5 3 2 0
0 3 5 2 2 5 2 5
0 3 5 2 5 2 5 2

Matrix 332:
0 0 0 0 0 0 0 0
0 0 0 0 3 3 3 3
0 0 3 3 1 2 4 5
0 0 3 3 4 5 1 2
0 3 1 4 1 4 1 4
0 3 1 4 4 1 4 1
0 3 4 1 1 5 4 2
0 3 4 1 4 2 1 5

Matrix 333:
0 0 0 0 0 0 0 0
0 0 0 0 3 3 3 3
0 0 3 3 1 2 4 5
0 0 3 3 4 5 1 2
0 3 1 4 1 5 4 2
0 3 1 4 4 2 1 5
0 3 4 1 2 5 2 5
0 3 4 1 5 2 5 2

Matrix 334:
0 0 0 0 0 0 0 0
0 0 0 0 3 3 3 3
0 0 3 3 1 2 4 5
0 0 3 3 4 5 1 2
0 3 2 5 1 4 1 4
0 3 2 5 4 1 4 1
0 3 5 2 1 5 4 2
0 3 5 2 4 2 1 5

Matrix 335:
0 0 0 0 0 0 0 0
0 0 0 0 3 3 3 3
0 0 3 3 1 2 4 5
0 0 3 3 4 5 1 2
0 3 2 5 1 5 4 2
0 3 2 5 4 2 1 5
0 3 5 2 2 5 2 5
0 3 5 2 5 2 5 2

Matrix 336:
0 0 0 0 0 0 0 0
0 0 0 0 3 3 3 3
0 0 3 3 1 2 4 5
0 3 0 3 1 5 4 2
0 3 3 0 2 5 2 5
0 3 3 0 5 2 5 2
0 2 5 3 4 1 1 4
0 5 2 3 4 4 1 1

Matrix 337:
0 0 0 0 0 0 0 0
0 0 0 0 3 3 3 3
0 0 3 3 1 2 4 5
0 3 0 3 4 2 1 5
0 2 5 3 0 5 3 2
0 3 3 0 2 5 2 5
0 3 3 0 5 2 5 2
0 5 2 3 3 5 0 2

Matrix 338:
0 0 0 0 0 0 0 0
0 0 0 0 3 3 3 3
0 0 3 3 1 2 4 5
0 3 0 3 4 2 1 5
0 3 3 0 2 5 2 5
0 3 3 0 5 2 5 2
0 1 4 3 5 5 2 2
0 4 1 3 2 5 5 2

Matrix 339:
0 0 0 0 0 0 0 0
0 0 0 0 3 3 3 3
0 1 3 4 0 2 3 5
0 1 3 4 3 5 0 2
0 3 0 3 2 1 5 4
0 3 0 3 5 4 2 1
0 4 3 1 1 4 1 4
0 4 3 1 4 1 4 1

Matrix 340:
0 0 0 0 0 0 0 0
0 0 0 0 3 3 3 3
0 1 3 4 0 2 3 5
0 1 3 4 3 5 0 2
0 3 0 3 2 1 5 4
0 3 0 3 5 4 2 1
0 4 3 1 2 5 2 5
0 4 3 1 5 2 5 2

Matrix 341:
0 0 0 0 0 0 0 0
0 0 0 0 3 3 3 3
0 1 3 4 0 2 3 5
0 1 3 4 3 5 0 2
0 4 3 1 0 5 3 2
0 4 3 1 3 2 0 5
0 3 0 3 2 5 2 5
0 3 0 3 5 2 5 2

Matrix 342:
0 0 0 0 0 0 0 0
0 0 0 0 3 3 3 3
0 1 3 4 0 2 3 5
0 1 3 4 3 5 0 2
0 3 0 3 2 5 2 5
0 3 0 3 5 2 5 2
0 4 3 1 2 1 5 4
0 4 3 1 5 4 2 1

Matrix 343:
0 0 0 0 0 0 0 0
0 0 0 0 3 3 3 3
0 1 3 4 0 2 3 5
0 1 4 3 2 5 0 3
0 3 1 4 5 3 0 2
0 3 4 1 5 0 3 2
0 4 1 3 2 5 3 0
0 4 3 1 3 2 0 5

Matrix 344:
0 0 0 0 0 0 0 0
0 0 0 0 3 3 3 3
0 1 3 4 0 2 3 5
0 1 4 3 2 5 0 3
0 4 1 3 2 5 3 0
0 4 3 1 3 2 0 5
0 3 0 3 5 2 5 2
0 3 3 0 5 5 2 2

Matrix 345:
0 0 0 0 0 0 0 0
0 0 0 0 3 3 3 3
0 1 3 4 0 2 3 5
0 1 4 3 2 5 0 3
0 4 1 3 2 5 3 0
0 4 3 1 3 2 0 5
0 3 2 5 5 4 1 2
0 3 5 2 5 1 4 2

Matrix 346:
0 0 0 0 0 0 0 0
0 0 0 0 3 3 3 3
0 1 3 4 0 2 3 5
0 1 4 3 3 0 5 2
0 3 1 4 3 5 2 0
0 3 4 1 0 5 2 3
0 4 1 3 0 3 5 2
0 4 3 1 3 2 0 5

Matrix 347:
0 0 0 0 0 0 0 0
0 0 0 0 3 3 3 3
0 1 3 4 0 2 3 5
0 1 4 3 3 0 5 2
0 4 1 3 0 3 5 2
0 4 3 1 3 2 0 5
0 3 0 3 2 5 2 5
0 3 3 0 5 5 2 2

Matrix 348:
0 0 0 0 0 0 0 0
0 0 0 0 3 3 3 3
0 1 3 4 0 2 3 5
0 1 4 3 3 0 5 2
0 4 1 3 0 3 5 2
0 4 3 1 3 2 0 5
0 3 2 5 4 5 2 1
0 3 5 2 1 5 2 4

Matrix 349:
0 0 0 0 0 0 0 0
0 0 0 0 3 3 3 3
0 1 3 4 0 2 3 5
0 3 1 4 3 5 2 0
0 3 4 1 0 5 2 3
0 4 3 1 3 2 0 5
0 0 3 3 2 5 5 2
0 3 0 3 5 2 5 2

Matrix 350:
0 0 0 0 0 0 0 0
0 0 0 0 3 3 3 3
0 1 3 4 0 2 3 5
0 3 1 4 3 5 2 0
0 3 4 1 0 5 2 3
0 4 3 1 3 2 0 5
0 2 5 3 4 1 5 2
0 5 2 3 1 4 5 2

Matrix 351:
0 0 0 0 0 0 0 0
0 0 0 0 3 3 3 3
0 1 3 4 0 2 3 5
0 3 1 4 5 3 0 2
0 3 4 1 5 0 3 2
0 4 3 1 3 2 0 5
0 0 3 3 2 5 5 2
0 3 0 3 2 5 2 5

Matrix 352:
0 0 0 0 0 0 0 0
0 0 0 0 3 3 3 3
0 1 3 4 0 2 3 5
0 3 1 4 5 3 0 2
0 3 4 1 5 0 3 2
0 4 3 1 3 2 0 5
0 2 5 3 2 5 1 4
0 5 2 3 2 5 4 1

Matrix 353:
0 0 0 0 0 0 0 0
0 0 0 0 3 3 3 3
0 1 3 4 0 2 3 5
0 3 4 1 3 0 2 5
0 4 1 3 2 3 0 5
0 2 5 3 5 4 1 2
0 3 2 5 4 1 5 2
0 5 3 2 1 5 4 2

Matrix 354:
0 0 0 0 0 0 0 0
0 0 0 0 3 3 3 3
0 1 3 4 0 2 3 5
0 3 4 1 5 2 0 3
0 4 1 3 3 2 5 0
0 2 5 3 4 5 2 1
0 3 2 5 2 5 1 4
0 5 3 2 1 5 4 2

Matrix 355:
0 0 0 0 0 0 0 0
0 0 0 0 3 3 3 3
0 1 3 4 0 2 3 5
0 4 3 1 3 2 0 5
0 0 3 3 2 5 5 2
0 3 0 3 2 5 2 5
0 3 0 3 5 2 5 2
0 3 3 0 5 5 2 2

Matrix 356:
0 0 0 0 0 0 0 0
0 0 0 0 3 3 3 3
0 1 3 4 0 2 3 5
0 4 3 1 3 2 0 5
0 0 3 3 2 5 5 2
0 3 0 3 2 5 2 5
0 3 2 5 5 4 1 2
0 3 5 2 5 1 4 2

Matrix 357:
0 0 0 0 0 0 0 0
0 0 0 0 3 3 3 3
0 1 3 4 0 2 3 5
0 4 3 1 3 2 0 5
0 0 3 3 2 5 5 2
0 3 0 3 5 2 5 2
0 3 2 5 4 5 2 1
0 3 5 2 1 5 2 4

Matrix 358:
0 0 0 0 0 0 0 0
0 0 0 0 3 3 3 3
0 2 3 5 0 1 3 4
0 2 3 5 3 4 0 1
0 3 0 3 1 5 4 2
0 3 0 3 4 2 1 5
0 5 3 2 1 4 1 4
0 5 3 2 4 1 4 1

Matrix 359:
0 0 0 0 0 0 0 0
0 0 0 0 3 3 3 3
0 2 3 5 0 1 3 4
0 2 3 5 3 4 0 1
0 3 0 3 1 5 4 2
0 3 0 3 4 2 1 5
0 5 3 2 2 5 2 5
0 5 3 2 5 2 5 2

Matrix 360:
0 0 0 0 0 0 0 0
0 0 0 0 3 3 3 3
0 2 3 5 0 1 3 4
0 2 3 5 3 4 0 1
0 5 3 2 0 4 3 1
0 5 3 2 3 1 0 4
0 3 0 3 2 5 2 5
0 3 0 3 5 2 5 2

Matrix 361:
0 0 0 0 0 0 0 0
0 0 0 0 3 3 3 3
0 2 3 5 0 1 3 4
0 2 3 5 3 4 0 1
0 3 0 3 2 5 2 5
0 3 0 3 5 2 5 2
0 5 3 2 2 0 5 3
0 5 3 2 5 3 2 0

Matrix 362:
0 0 0 0 0 0 0 0
0 0 0 0 3 3 3 3
0 2 3 5 0 1 3 4
0 2 3 5 3 4 0 1
0 3 0 3 2 5 2 5
0 3 0 3 5 2 5 2
0 5 3 2 1 5 4 2
0 5 3 2 4 2 1 5

Matrix 363:
0 0 0 0 0 0 0 0
0 0 0 0 3 3 3 3
0 2 3 5 0 1 3 4
0 2 5 3 1 4 0 3
0 3 2 5 4 3 0 1
0 3 5 2 4 0 3 1
0 5 2 3 1 4 3 0
0 5 3 2 3 1 0 4

Matrix 364:
0 0 0 0 0 0 0 0
0 0 0 0 3 3 3 3
0 2 3 5 0 1 3 4
0 2 5 3 1 4 0 3
0 5 2 3 1 4 3 0
0 5 3 2 3 1 0 4
0 3 1 4 4 2 5 1
0 3 4 1 4 5 2 1

Matrix 365:
0 0 0 0 0 0 0 0
0 0 0 0 3 3 3 3
0 2 3 5 0 1 3 4
0 2 5 3 3 0 4 1
0 3 2 5 3 4 1 0
0 3 5 2 0 4 1 3
0 5 2 3 0 3 4 1
0 5 3 2 3 1 0 4

Matrix 366:
0 0 0 0 0 0 0 0
0 0 0 0 3 3 3 3
0 2 3 5 0 1 3 4
0 2 5 3 3 0 4 1
0 5 2 3 0 3 4 1
0 5 3 2 3 1 0 4
0 3 1 4 2 4 1 5
0 3 4 1 5 4 1 2

Matrix 367:
0 0 0 0 0 0 0 0
0 0 0 0 3 3 3 3
0 2 3 5 0 1 3 4
0 3 2 5 3 4 1 0
0 3 5 2 0 4 1 3
0 5 3 2 3 1 0 4
0 1 4 3 2 5 4 1
0 4 1 3 5 2 4 1

Matrix 368:
0 0 0 0 0 0 0 0
0 0 0 0 3 3 3 3
0 2 3 5 0 1 3 4
0 3 2 5 4 3 0 1
0 3 5 2 4 0 3 1
0 5 3 2 3 1 0 4
0 1 4 3 1 4 5 2
0 4 1 3 1 4 2 5

Matrix 369:
0 0 0 0 0 0 0 0
0 0 0 0 3 3 3 3
0 2 3 5 0 1 3 4
0 3 5 2 3 0 1 4
0 5 2 3 1 3 0 4
0 1 4 3 4 2 5 1
0 3 1 4 2 5 4 1
0 4 3 1 5 4 2 1

Matrix 370:
0 0 0 0 0 0 0 0
0 0 0 0 3 3 3 3
0 2 3 5 0 1 3 4
0 3 5 2 4 1 0 3
0 5 2 3 3 1 4 0
0 1 4 3 2 4 1 5
0 3 1 4 1 4 5 2
0 4 3 1 5 4 2 1

Matrix 371:
0 0 0 0 0 0 0 0
0 0 0 0 3 3 3 3
0 2 3 5 0 1 3 4
0 5 3 2 3 1 0 4
0 3 0 3 2 5 2 5
0 3 0 3 5 2 5 2
0 1 3 4 2 4 5 1
0 4 3 1 5 4 2 1

Matrix 372:
0 0 0 0 0 0 0 0
0 0 0 0 3 3 3 3
0 0 3 3 2 2 5 5
0 0 3 3 5 5 2 2
0 3 0 3 2 5 2 5
0 3 0 3 5 2 5 2
0 3 3 0 2 5 5 2
0 3 3 0 5 2 2 5

Matrix 373:
0 0 0 0 0 0 0 0
0 0 0 0 3 3 3 3
0 0 3 3 2 2 5 5
0 0 3 3 5 5 2 2
0 3 0 3 2 5 2 5
0 3 3 0 2 5 5 2
0 3 2 5 5 2 1 4
0 3 5 2 5 2 4 1

Matrix 374:
0 0 0 0 0 0 0 0
0 0 0 0 3 3 3 3
0 0 3 3 2 2 5 5
0 0 3 3 5 5 2 2
0 3 0 3 2 5 2 5
0 3 3 0 5 2 2 5
0 3 2 5 1 4 5 2
0 3 5 2 4 1 5 2

Matrix 375:
0 0 0 0 0 0 0 0
0 0 0 0 3 3 3 3
0 0 3 3 2 2 5 5
0 0 3 3 5 5 2 2
0 3 2 5 0 3 2 5
0 3 2 5 3 0 5 2
0 3 5 2 0 3 5 2
0 3 5 2 3 0 2 5

Matrix 376:
0 0 0 0 0 0 0 0
0 0 0 0 3 3 3 3
0 0 3 3 2 2 5 5
0 0 3 3 5 5 2 2
0 3 2 5 0 3 2 5
0 3 2 5 3 0 5 2
0 3 5 2 2 5 1 4
0 3 5 2 5 2 4 1

Matrix 377:
0 0 0 0 0 0 0 0
0 0 0 0 3 3 3 3
0 0 3 3 2 2 5 5
0 0 3 3 5 5 2 2
0 3 2 5 0 3 2 5
0 3 5 2 3 0 2 5
0 3 1 4 2 5 5 2
0 3 4 1 5 2 5 2

Matrix 378:
0 0 0 0 0 0 0 0
0 0 0 0 3 3 3 3
0 0 3 3 2 2 5 5
0 0 3 3 5 5 2 2
0 3 2 5 2 5 0 3
0 3 2 5 5 2 3 0
0 3 5 2 2 5 3 0
0 3 5 2 5 2 0 3

Matrix 379:
0 0 0 0 0 0 0 0
0 0 0 0 3 3 3 3
0 0 3 3 2 2 5 5
0 0 3 3 5 5 2 2
0 3 2 5 2 5 0 3
0 3 2 5 5 2 3 0
0 3 5 2 1 4 2 5
0 3 5 2 4 1 5 2

Matrix 380:
0 0 0 0 0 0 0 0
0 0 0 0 3 3 3 3
0 0 3 3 2 2 5 5
0 0 3 3 5 5 2 2
0 3 2 5 2 5 0 3
0 3 5 2 2 5 3 0
0 3 1 4 5 2 2 5
0 3 4 1 5 2 5 2

Matrix 381:
0 0 0 0 0 0 0 0
0 0 0 0 3 3 3 3
0 0 3 3 2 2 5 5
0 0 3 3 5 5 2 2
0 3 1 4 1 4 1 4
0 3 1 4 4 1 4 1
0 3 4 1 1 4 4 1
0 3 4 1 4 1 1 4

Matrix 382:
0 0 0 0 0 0 0 0
0 0 0 0 3 3 3 3
0 0 3 3 2 2 5 5
0 0 3 3 5 5 2 2
0 3 1 4 1 4 1 4
0 3 1 4 4 1 4 1
0 3 4 1 2 5 5 2
0 3 4 1 5 2 2 5

Matrix 383:
0 0 0 0 0 0 0 0
0 0 0 0 3 3 3 3
0 0 3 3 2 2 5 5
0 0 3 3 5 5 2 2
0 3 1 4 1 4 1 4
0 3 4 1 1 4 4 1
0 3 2 5 4 1 5 2
0 3 5 2 4 1 2 5

Matrix 384:
0 0 0 0 0 0 0 0
0 0 0 0 3 3 3 3
0 0 3 3 2 2 5 5
0 0 3 3 5 5 2 2
0 3 1 4 1 4 1 4
0 3 4 1 4 1 1 4
0 3 2 5 5 2 4 1
0 3 5 2 2 5 4 1

Matrix 385:
0 0 0 0 0 0 0 0
0 0 0 0 3 3 3 3
0 0 3 3 2 2 5 5
0 0 3 3 5 5 2 2
0 3 1 4 1 4 2 5
0 3 1 4 4 1 5 2
0 3 4 1 1 4 5 2
0 3 4 1 4 1 2 5

Matrix 386:
0 0 0 0 0 0 0 0
0 0 0 0 3 3 3 3
0 0 3 3 2 2 5 5
0 0 3 3 5 5 2 2
0 3 1 4 1 4 2 5
0 3 4 1 4 1 2 5
0 3 2 5 5 2 5 2
0 3 5 2 2 5 5 2

Matrix 387:
0 0 0 0 0 0 0 0
0 0 0 0 3 3 3 3
0 0 3 3 2 2 5 5
0 0 3 3 5 5 2 2
0 3 1 4 2 5 1 4
0 3 1 4 5 2 4 1
0 3 4 1 2 5 4 1
0 3 4 1 5 2 1 4

Matrix 388:
0 0 0 0 0 0 0 0
0 0 0 0 3 3 3 3
0 0 3 3 2 2 5 5
0 0 3 3 5 5 2 2
0 3 1 4 2 5 1 4
0 3 4 1 2 5 4 1
0 3 2 5 5 2 5 2
0 3 5 2 5 2 2 5

Matrix 389:
0 0 0 0 0 0 0 0
0 0 0 0 3 3 3 3
0 0 3 3 2 2 5 5
0 0 3 3 5 5 2 2
0 3 2 5 1 4 1 4
0 3 2 5 4 1 4 1
0 3 5 2 1 4 4 1
0 3 5 2 4 1 1 4

Matrix 390:
0 0 0 0 0 0 0 0
0 0 0 0 3 3 3 3
0 0 3 3 2 2 5 5
0 0 3 3 5 5 2 2
0 3 2 5 1 4 1 4
0 3 2 5 4 1 4 1
0 3 5 2 2 5 5 2
0 3 5 2 5 2 2 5

Matrix 391:
0 0 0 0 0 0 0 0
0 0 0 0 3 3 3 3
0 0 3 3 2 2 5 5
0 0 3 3 5 5 2 2
0 3 1 4 2 5 2 5
0 3 1 4 5 2 5 2
0 3 4 1 2 5 5 2
0 3 4 1 5 2 2 5

Matrix 392:
0 0 0 0 0 0 0 0
0 0 0 0 3 3 3 3
0 0 3 3 2 2 5 5
0 0 3 3 5 5 2 2
0 3 2 5 1 4 2 5
0 3 2 5 4 1 5 2
0 3 5 2 1 4 5 2
0 3 5 2 4 1 2 5

Matrix 393:
0 0 0 0 0 0 0 0
0 0 0 0 3 3 3 3
0 0 3 3 2 2 5 5
0 0 3 3 5 5 2 2
0 3 2 5 2 5 1 4
0 3 2 5 5 2 4 1
0 3 5 2 2 5 4 1
0 3 5 2 5 2 1 4

Matrix 394:
0 0 0 0 0 0 0 0
0 0 0 0 3 3 3 3
0 0 3 3 2 2 5 5
0 0 3 3 5 5 2 2
0 3 2 5 2 5 2 5
0 3 2 5 5 2 5 2
0 3 5 2 2 5 5 2
0 3 5 2 5 2 2 5

Matrix 395:
0 0 0 0 0 0 0 0
0 0 0 0 3 3 3 3
0 0 3 3 2 2 5 5
0 3 0 3 2 5 2 5
0 3 0 3 5 2 5 2
0 3 3 0 2 5 5 2
0 2 3 5 5 1 2 4
0 5 3 2 5 4 2 1

Matrix 396:
0 0 0 0 0 0 0 0
0 0 0 0 3 3 3 3
0 0 3 3 2 2 5 5
0 3 0 3 2 5 2 5
0 3 0 3 5 2 5 2
0 3 3 0 5 2 2 5
0 2 3 5 1 5 4 2
0 5 3 2 4 5 1 2

Matrix 397:
0 0 0 0 0 0 0 0
0 0 0 0 3 3 3 3
0 0 3 3 2 2 5 5
0 3 0 3 2 5 2 5
0 3 3 0 2 5 5 2
0 3 3 0 5 2 2 5
0 2 5 3 5 1 4 2
0 5 2 3 5 4 1 2

Matrix 398:
0 0 0 0 0 0 0 0
0 0 0 0 3 3 3 3
0 0 3 3 2 2 5 5
0 3 0 3 2 5 2 5
0 2 3 5 1 5 4 2
0 3 2 5 5 2 1 4
0 3 5 2 5 2 4 1
0 5 3 2 4 5 1 2

Matrix 399:
0 0 0 0 0 0 0 0
0 0 0 0 3 3 3 3
0 2 3 5 0 2 3 5
0 2 3 5 3 5 0 2
0 3 0 3 2 5 2 5
0 3 0 3 5 2 5 2
0 5 3 2 0 5 3 2
0 5 3 2 3 2 0 5

Matrix 400:
0 0 0 0 0 0 0 0
0 0 0 0 3 3 3 3
0 2 3 5 0 2 3 5
0 2 3 5 3 5 0 2
0 3 0 3 2 5 2 5
0 3 0 3 5 2 5 2
0 5 3 2 2 1 5 4
0 5 3 2 5 4 2 1

Matrix 401:
0 0 0 0 0 0 0 0
0 0 0 0 3 3 3 3
0 2 3 5 0 2 3 5
0 2 5 3 3 5 2 0
0 3 2 5 2 5 0 3
0 3 5 2 5 2 0 3
0 5 2 3 3 2 5 0
0 5 3 2 0 5 3 2

Matrix 402:
0 0 0 0 0 0 0 0
0 0 0 0 3 3 3 3
0 2 3 5 0 2 3 5
0 2 5 3 5 3 0 2
0 3 2 5 3 0 5 2
0 3 5 2 3 0 2 5
0 5 2 3 2 3 0 5
0 5 3 2 0 5 3 2

Matrix 403:
0 0 0 0 0 0 0 0
0 0 0 0 3 3 3 3
0 2 3 5 0 2 3 5
0 3 0 3 2 5 2 5
0 3 0 3 5 2 5 2
0 5 3 2 3 2 0 5
0 1 3 4 2 5 5 2
0 4 3 1 5 5 2 2

Matrix 404:
0 0 0 0 0 0 0 0
0 0 0 0 3 3 3 3
0 1 3 4 1 2 4 5
0 1 4 3 4 5 2 1
0 3 1 4 2 5 1 4
0 3 4 1 5 2 1 4
0 4 1 3 4 2 5 1
0 4 3 1 1 5 4 2

Matrix 405:
0 0 0 0 0 0 0 0
0 0 0 0 3 3 3 3
0 1 3 4 1 2 4 5
0 1 4 3 5 4 1 2
0 3 1 4 4 1 5 2
0 3 4 1 4 1 2 5
0 4 1 3 2 4 1 5
0 4 3 1 1 5 4 2

Matrix 406:
0 0 0 0 0 0 0 0
0 0 0 0 3 3 3 3
0 2 3 5 1 2 4 5
0 2 5 3 2 5 1 4
0 3 2 5 5 4 1 2
0 3 5 2 5 1 4 2
0 5 2 3 2 5 4 1
0 5 3 2 4 2 1 5

Matrix 407:
0 0 0 0 0 0 0 0
0 0 0 0 3 3 3 3
0 2 3 5 1 2 4 5
0 2 5 3 4 1 5 2
0 3 2 5 4 5 2 1
0 3 5 2 1 5 2 4
0 5 2 3 1 4 5 2
0 5 3 2 4 2 1 5

Matrix 408:
0 0 0 0 0 0 0 0
0 0 0 1 3 3 3 4
0 0 3 3 0 1 4 3
0 3 2 0 5 3 0 3
0 0 3 4 3 4 1 1
0 3 2 5 2 0 3 5
0 3 5 3 5 2 2 0
0 3 5 2 2 5 5 2

Matrix 409:
0 0 0 0 0 0 0 0
0 0 0 1 3 3 3 4
0 0 3 3 0 1 4 3
0 3 5 3 2 0 3 0
0 0 3 4 3 4 1 1
0 3 2 0 2 5 5 3
0 3 5 2 5 3 0 2
0 3 2 5 5 2 2 5

Matrix 410:
0 0 0 0 0 0 0 0
0 0 0 1 3 3 3 4
0 0 3 3 0 1 4 3
0 0 3 4 3 4 1 1
0 3 1 4 4 1 1 4
0 3 1 5 1 4 4 2
0 3 4 1 4 2 5 1
0 3 4 2 1 5 2 5

Matrix 411:
0 0 0 0 0 0 0 0
0 0 0 1 3 3 3 4
0 0 3 3 0 1 4 3
0 0 3 4 3 4 1 1
0 3 4 1 1 4 4 1
0 3 1 4 1 5 2 4
0 3 4 2 4 1 1 5
0 3 1 5 4 2 5 2

Matrix 412:
0 0 0 0 0 0 0 0
0 0 0 1 3 3 3 4
0 1 4 3 0 0 3 3
0 3 3 0 1 4 3 0
0 1 4 4 3 3 0 1
0 3 3 1 4 1 0 4
0 4 1 3 1 4 0 3
0 4 1 4 4 1 3 1

Matrix 413:
0 0 0 0 0 0 0 0
0 0 0 1 3 3 3 4
0 1 4 3 0 0 3 3
0 3 3 0 2 5 3 0
0 1 4 4 3 3 0 1
0 3 3 1 5 2 0 4
0 4 1 3 2 5 0 3
0 4 1 4 5 2 3 1

Matrix 414:
0 0 0 0 0 0 0 0
0 0 0 1 3 3 3 4
0 3 3 0 1 3 4 0
0 2 5 3 0 3 0 3
0 3 3 1 4 0 1 4
0 2 5 4 3 0 3 1
0 5 2 3 1 0 4 3
0 5 2 4 4 3 1 1

Matrix 415:
0 0 0 0 0 0 0 0
0 0 0 1 3 3 3 4
0 0 3 3 0 2 5 3
0 3 1 4 1 0 3 4
0 0 3 4 3 5 2 1
0 3 1 5 4 3 0 2
0 3 4 1 1 4 4 1
0 3 4 2 4 1 1 5

Matrix 416:
0 0 0 0 0 0 0 0
0 0 0 1 3 3 3 4
0 0 3 3 0 2 5 3
0 3 4 1 4 3 0 1
0 0 3 4 3 5 2 1
0 3 4 2 1 0 3 5
0 3 1 4 4 1 1 4
0 3 1 5 1 4 4 2

Matrix 417:
0 0 0 0 0 0 0 0
0 0 0 1 3 3 3 4
0 0 3 3 0 2 5 3
0 0 3 4 3 5 2 1
0 3 2 0 5 4 1 3
0 3 5 3 5 2 2 0
0 3 2 5 2 1 4 5
0 3 5 2 2 5 5 2

Matrix 418:
0 0 0 0 0 0 0 0
0 0 0 1 3 3 3 4
0 0 3 3 0 2 5 3
0 0 3 4 3 5 2 1
0 3 5 3 2 1 4 0
0 3 2 0 2 5 5 3
0 3 5 2 5 4 1 2
0 3 2 5 5 2 2 5

Matrix 419:
0 0 0 0 0 0 0 0
0 0 0 1 3 3 3 4
0 2 3 0 0 3 5 3
0 3 5 3 0 2 3 0
0 3 1 4 3 1 0 4
0 4 3 1 3 0 4 1
0 5 2 3 0 5 2 3
0 1 4 4 3 4 1 1

Matrix 420:
0 0 0 0 0 0 0 0
0 0 0 1 3 3 3 4
0 2 5 3 0 0 3 3
0 3 3 0 2 5 3 0
0 2 5 4 3 3 0 1
0 3 3 1 5 2 0 4
0 5 2 3 2 5 0 3
0 5 2 4 5 2 3 1

Matrix 421:
0 0 0 0 0 0 0 0
0 0 0 1 3 3 3 4
0 1 4 3 0 1 4 3
0 3 1 5 0 4 3 2
0 4 3 2 0 3 1 5
0 2 3 5 3 0 2 5
0 3 5 2 3 5 0 2
0 5 2 4 3 2 5 1

Matrix 422:
0 0 0 0 0 0 0 0
0 0 0 1 3 3 3 4
0 1 4 3 0 2 5 3
0 3 2 0 1 5 4 3
0 5 3 3 1 4 2 0
0 4 1 4 3 2 5 1
0 2 3 5 4 1 2 5
0 3 5 2 4 5 1 2

Matrix 423:
0 0 0 0 0 0 0 0
0 0 0 1 3 3 3 4
0 2 3 0 1 4 5 3
0 3 5 3 1 2 4 0
0 4 1 3 0 5 2 3
0 1 4 4 3 5 2 1
0 3 2 5 4 2 1 5
0 5 3 2 4 1 5 2

Matrix 424:
0 0 0 0 0 0 0 0
0 0 0 1 3 3 3 4
0 2 5 3 0 1 4 3
0 1 3 4 2 5 1 4
0 3 4 1 2 4 5 1
0 5 2 4 3 1 4 1
0 3 1 5 5 4 2 2
0 4 3 2 5 2 1 5

Matrix 425:
0 0 0 0 0 0 0 0
0 0 0 2 3 3 3 5
0 0 3 3 0 2 5 3
0 0 3 5 3 5 2 2
0 3 2 1 5 4 1 4
0 3 2 5 2 1 4 5
0 3 5 4 5 2 2 1
0 3 5 2 2 5 5 2

Matrix 426:
0 0 0 0 0 0 0 0
0 0 0 2 3 3 3 5
0 0 3 3 0 2 5 3
0 0 3 5 3 5 2 2
0 3 5 4 2 1 4 1
0 3 2 1 2 5 5 4
0 3 5 2 5 4 1 2
0 3 2 5 5 2 2 5

Matrix 427:
0 0 0 0 0 0 0 0
0 0 0 2 3 3 3 5
0 2 5 3 0 0 3 3
0 3 3 0 2 5 3 0
0 2 5 5 3 3 0 2
0 3 3 2 5 2 0 5
0 5 2 3 2 5 0 3
0 5 2 5 5 2 3 2

Matrix 428:
0 0 0 0 0 0 0 0
0 0 0 2 3 3 3 5
0 1 3 4 0 1 3 4
0 3 4 1 4 0 3 1
0 3 2 1 5 3 0 4
0 5 3 4 3 2 0 1
0 2 5 3 2 5 0 3
0 4 1 5 1 4 3 2

Matrix 429:
0 0 0 0 0 0 0 0
0 0 0 2 3 3 3 5
0 1 3 0 2 4 5 3
0 3 4 3 1 2 5 0
0 5 2 3 4 1 0 3
0 3 1 4 1 5 2 4
0 4 3 1 5 4 2 1
0 2 5 5 4 1 3 2

Matrix 430:
0 0 0 0 0 0 0 0
0 0 0 2 3 3 3 5
0 1 4 3 0 2 5 3
0 3 2 1 1 5 4 4
0 5 3 4 1 4 2 1
0 2 3 5 4 1 2 5
0 3 5 2 4 5 1 2
0 4 1 5 3 2 5 2

Matrix 431:
0 0 0 0 0 0 0 0
0 0 0 2 3 3 3 5
0 2 5 3 0 1 4 3
0 3 1 0 5 4 2 3
0 4 3 3 5 2 1 0
0 1 3 4 2 5 1 4
0 3 4 1 2 4 5 1
0 5 2 5 3 1 4 2

Matrix 432:
0 0 0 0 0 0 0 0
0 0 1 1 3 3 4 4
0 0 3 4 1 4 1 3
0 0 4 3 4 1 3 1
0 3 1 4 2 5 4 1
0 3 4 2 1 1 5 4
0 3 5 1 4 4 1 2
0 3 2 5 5 2 2 5

Matrix 433:
0 0 0 0 0 0 0 0
0 0 1 1 3 3 4 4
0 0 3 4 1 4 1 3
0 0 4 3 4 1 3 1
0 3 1 5 4 4 2 1
0 3 2 4 1 1 4 5
0 3 4 1 5 2 1 4
0 3 5 2 2 5 5 2

Matrix 434:
0 0 0 0 0 0 0 0
0 0 1 1 3 3 4 4
0 3 1 4 0 3 1 4
0 0 3 4 5 2 3 1
0 0 4 3 2 5 1 3
0 3 2 5 3 0 5 2
0 3 4 2 1 1 4 5
0 3 5 1 4 4 2 1

Matrix 435:
0 0 0 0 0 0 0 0
0 0 1 1 3 3 4 4
0 1 3 5 0 4 2 3
0 3 0 3 1 4 5 2
0 3 3 0 4 1 5 2
0 4 2 3 0 1 3 5
0 2 5 4 3 2 1 5
0 5 4 2 3 5 2 1

Matrix 436:
0 0 0 0 0 0 0 0
0 0 1 1 3 3 4 4
0 1 3 5 0 4 2 3
0 3 2 5 4 1 3 0
0 4 2 3 1 0 5 3
0 2 5 4 2 3 5 1
0 3 5 2 5 2 1 4
0 5 4 2 3 5 2 1

Matrix 437:
0 0 0 0 0 0 0 0
0 0 1 1 3 3 4 4
0 1 3 5 0 4 2 3
0 4 2 3 0 1 3 5
0 3 2 5 3 0 5 2
0 3 5 2 0 3 5 2
0 2 5 4 3 2 1 5
0 5 4 2 3 5 2 1

Matrix 438:
0 0 0 0 0 0 0 0
0 0 1 1 3 3 4 4
0 1 3 5 0 4 2 3
0 4 2 3 0 1 3 5
0 2 5 4 3 2 1 5
0 3 1 4 2 5 5 2
0 3 4 1 5 2 5 2
0 5 4 2 3 5 2 1

Matrix 439:
0 0 0 0 0 0 0 0
0 0 1 2 3 3 4 5
0 0 3 5 1 4 3 2
0 2 0 5 4 3 1 3
0 5 3 2 4 0 1 3
0 3 5 3 2 5 2 0
0 3 2 4 1 1 5 4
0 3 4 1 5 2 4 1

Matrix 440:
0 0 0 0 0 0 0 0
0 0 1 2 3 3 4 5
0 0 3 5 1 4 3 2
0 2 4 3 0 1 3 5
0 5 4 3 3 1 0 2
0 3 2 0 5 2 5 3
0 3 1 4 2 5 1 4
0 3 5 1 4 4 2 1

Matrix 441:
0 0 0 0 0 0 0 0
0 0 1 2 3 3 4 5
0 0 3 5 1 4 3 2
0 3 2 0 5 2 5 3
0 1 4 3 5 1 2 4
0 3 1 4 2 5 1 4
0 3 5 1 4 4 2 1
0 4 4 3 2 1 5 1

Matrix 442:
0 0 0 0 0 0 0 0
0 0 1 2 3 3 4 5
0 0 3 5 1 4 3 2
0 3 5 3 2 5 2 0
0 1 5 4 4 2 1 3
0 3 2 4 1 1 5 4
0 3 4 1 5 2 4 1
0 4 2 1 4 5 1 3

Matrix 443:
0 0 0 0 0 0 0 0
0 0 1 2 3 3 4 5
0 0 3 5 2 4 1 3
0 0 4 3 5 1 3 2
0 3 0 4 2 5 3 1
0 3 3 2 1 0 5 4
0 3 5 1 4 3 0 2
0 3 2 5 5 2 2 5

Matrix 444:
0 0 0 0 0 0 0 0
0 0 1 2 3 3 4 5
0 0 3 5 2 4 1 3
0 0 4 3 5 1 3 2
0 3 0 5 4 3 2 1
0 3 2 4 1 0 3 5
0 3 3 1 5 2 0 4
0 3 5 2 2 5 5 2

Matrix 445:
0 0 0 0 0 0 0 0
0 0 1 2 3 3 4 5
0 0 3 5 2 4 1 3
0 0 4 3 5 1 3 2
0 3 1 3 0 5 2 4
0 3 2 0 4 1 5 3
0 3 5 4 3 2 1 0
0 3 4 1 1 4 4 1

Matrix 446:
0 0 0 0 0 0 0 0
0 0 1 2 3 3 4 5
0 0 3 5 2 4 1 3
0 0 4 3 5 1 3 2
0 3 2 1 0 5 4 3
0 3 4 0 3 2 5 1
0 3 5 3 1 4 2 0
0 3 1 4 4 1 1 4

Matrix 447:
0 0 0 0 0 0 0 0
0 0 1 2 3 3 4 5
0 1 3 5 0 3 2 4
0 2 5 3 3 0 1 4
0 3 0 4 1 3 5 2
0 3 2 1 5 0 4 3
0 5 3 4 2 0 3 1
0 4 4 1 4 3 1 1

Matrix 448:
0 0 0 0 0 0 0 0
0 0 1 2 3 3 4 5
0 1 4 0 3 5 3 2
0 3 1 5 0 3 4 2
0 3 3 0 4 2 1 5
0 5 2 3 5 0 2 3
0 2 5 3 1 4 1 4
0 4 4 3 2 1 5 1

Matrix 449:
0 0 0 0 0 0 0 0
0 0 1 2 3 3 4 5
0 1 5 3 0 4 2 3
0 3 3 2 0 1 5 4
0 3 4 1 3 5 2 0
0 4 2 5 0 3 3 1
0 5 2 4 3 0 1 3
0 2 5 5 3 2 5 2

Matrix 450:
0 0 0 0 0 0 0 0
0 0 1 2 3 3 4 5
0 1 5 4 0 3 3 2
0 2 5 3 3 0 1 4
0 3 3 1 0 4 2 5
0 3 4 0 3 2 5 1
0 4 2 3 0 1 5 3
0 5 2 5 3 5 2 2

Matrix 451:
0 0 0 0 0 0 0 0
0 0 1 2 3 3 4 5
0 2 1 5 0 4 3 3
0 5 3 0 3 4 1 2
0 3 5 3 2 5 2 0
0 1 4 4 2 1 5 3
0 3 4 1 5 2 4 1
0 4 2 3 5 1 1 4

Matrix 452:
0 0 0 0 0 0 0 0
0 0 1 2 3 3 4 5
0 2 3 1 0 5 3 4
0 3 1 4 0 2 5 3
0 3 5 1 3 4 0 2
0 4 2 5 3 0 3 1
0 5 4 3 0 3 2 1
0 1 4 4 3 1 1 4

Matrix 453:
0 0 0 0 0 0 0 0
0 0 1 2 3 3 4 5
0 2 4 5 1 3 3 0
0 5 3 3 1 0 4 2
0 3 2 0 5 2 5 3
0 1 4 1 4 5 2 3
0 3 1 4 2 5 1 4
0 4 5 3 4 2 1 1

Matrix 454:
0 0 0 0 0 0 0 0
0 0 1 2 3 3 4 5
0 3 1 0 4 5 3 2
0 3 3 5 1 2 4 0
0 2 5 3 2 0 5 3
0 2 4 1 5 3 1 4
0 5 2 4 1 4 1 3
0 5 4 3 4 1 2 1

Matrix 455:
0 0 0 0 0 0 0 0
0 0 1 2 3 3 4 5
0 3 1 5 0 3 4 2
0 3 4 2 1 5 3 0
0 4 3 5 3 2 1 0
0 5 2 3 5 0 2 3
0 1 5 4 2 4 1 3
0 2 4 1 4 1 5 3

Matrix 456:
0 0 0 0 0 0 0 0
0 0 2 2 3 3 5 5
0 0 3 5 2 5 2 3
0 0 5 3 5 2 3 2
0 3 1 4 4 1 1 4
0 3 2 1 5 5 4 2
0 3 4 5 2 2 5 1
0 3 5 2 1 4 2 5

Matrix 457:
0 0 0 0 0 0 0 0
0 0 2 2 3 3 5 5
0 0 3 5 2 5 2 3
0 0 5 3 5 2 3 2
0 3 4 1 1 4 4 1
0 3 1 2 5 5 2 4
0 3 2 5 4 1 5 2
0 3 5 4 2 2 1 5

