Matrix 1:
0 0 0 0 0 0 0 0
0 0 0 0 2 2 2 2
0 0 2 2 0 0 2 2
0 0 2 2 2 2 0 0
0 2 0 2 0 2 0 2
0 2 0 2 2 0 2 0
0 2 2 0 0 2 2 0
0 2 2 0 2 0 0 2

Matrix 2:
0 0 0 0 0 0 0 0
0 0 0 0 2 2 2 2
0 0 2 2 0 0 2 2
0 0 2 2 2 2 0 0
0 2 0 2 0 2 0 2
0 2 0 2 2 0 2 0
0 2 2 0 1 3 3 1
0 2 2 0 3 1 1 3

Matrix 3:
0 0 0 0 0 0 0 0
0 0 0 0 2 2 2 2
0 0 2 2 0 0 2 2
0 0 2 2 2 2 0 0
0 2 0 2 0 2 0 2
0 2 2 0 0 2 2 0
0 2 1 3 2 0 3 1
0 2 3 1 2 0 1 3

Matrix 4:
0 0 0 0 0 0 0 0
0 0 0 0 2 2 2 2
0 0 2 2 0 0 2 2
0 0 2 2 2 2 0 0
0 2 0 2 0 2 0 2
0 2 2 0 2 0 0 2
0 2 1 3 3 1 2 0
0 2 3 1 1 3 2 0

Matrix 5:
0 0 0 0 0 0 0 0
0 0 0 0 2 2 2 2
0 0 2 2 0 0 2 2
0 0 2 2 2 2 0 0
0 2 0 2 0 2 1 3
0 2 0 2 2 0 3 1
0 2 2 0 0 2 3 1
0 2 2 0 2 0 1 3

Matrix 6:
0 0 0 0 0 0 0 0
0 0 0 0 2 2 2 2
0 0 2 2 0 0 2 2
0 0 2 2 2 2 0 0
0 2 0 2 0 2 1 3
0 2 0 2 2 0 3 1
0 2 2 0 1 3 0 2
0 2 2 0 3 1 2 0

Matrix 7:
0 0 0 0 0 0 0 0
0 0 0 0 2 2 2 2
0 0 2 2 0 0 2 2
0 0 2 2 2 2 0 0
0 2 0 2 0 2 1 3
0 2 1 3 2 0 0 2
0 2 2 0 0 2 3 1
0 2 3 1 2 0 2 0

Matrix 8:
0 0 0 0 0 0 0 0
0 0 0 0 2 2 2 2
0 0 2 2 0 0 2 2
0 0 2 2 2 2 0 0
0 2 0 2 0 2 1 3
0 2 2 0 2 0 1 3
0 2 1 3 3 1 3 1
0 2 3 1 1 3 3 1

Matrix 9:
0 0 0 0 0 0 0 0
0 0 0 0 2 2 2 2
0 0 2 2 0 0 2 2
0 0 2 2 2 2 0 0
0 2 0 2 1 3 0 2
0 2 0 2 3 1 2 0
0 2 2 0 0 2 1 3
0 2 2 0 2 0 3 1

Matrix 10:
0 0 0 0 0 0 0 0
0 0 0 0 2 2 2 2
0 0 2 2 0 0 2 2
0 0 2 2 2 2 0 0
0 2 0 2 1 3 0 2
0 2 0 2 3 1 2 0
0 2 2 0 1 3 2 0
0 2 2 0 3 1 0 2

Matrix 11:
0 0 0 0 0 0 0 0
0 0 0 0 2 2 2 2
0 0 2 2 0 0 2 2
0 0 2 2 2 2 0 0
0 2 0 2 1 3 0 2
0 2 1 3 0 2 2 0
0 2 2 0 3 1 0 2
0 2 3 1 2 0 2 0

Matrix 12:
0 0 0 0 0 0 0 0
0 0 0 0 2 2 2 2
0 0 2 2 0 0 2 2
0 0 2 2 2 2 0 0
0 2 0 2 1 3 0 2
0 2 2 0 1 3 2 0
0 2 1 3 3 1 3 1
0 2 3 1 3 1 1 3

Matrix 13:
0 0 0 0 0 0 0 0
0 0 0 0 2 2 2 2
0 0 2 2 0 0 2 2
0 0 2 2 2 2 0 0
0 2 1 3 0 2 0 2
0 2 1 3 2 0 2 0
0 2 3 1 0 2 2 0
0 2 3 1 2 0 0 2

Matrix 14:
0 0 0 0 0 0 0 0
0 0 0 0 2 2 2 2
0 0 2 2 0 0 2 2
0 0 2 2 2 2 0 0
0 2 1 3 0 2 0 2
0 2 1 3 2 0 2 0
0 2 3 1 1 3 3 1
0 2 3 1 3 1 1 3

Matrix 15:
0 0 0 0 0 0 0 0
0 0 0 0 2 2 2 2
0 0 2 2 0 0 2 2
0 0 2 2 2 2 0 0
0 2 0 2 1 3 1 3
0 2 0 2 3 1 3 1
0 2 2 0 1 3 3 1
0 2 2 0 3 1 1 3

Matrix 16:
0 0 0 0 0 0 0 0
0 0 0 0 2 2 2 2
0 0 2 2 0 0 2 2
0 0 2 2 2 2 0 0
0 2 0 2 1 3 1 3
0 2 1 3 0 2 3 1
0 2 2 0 3 1 1 3
0 2 3 1 2 0 3 1

Matrix 17:
0 0 0 0 0 0 0 0
0 0 0 0 2 2 2 2
0 0 2 2 0 0 2 2
0 0 2 2 2 2 0 0
0 2 0 2 1 3 1 3
0 2 1 3 3 1 0 2
0 2 2 0 1 3 3 1
0 2 3 1 3 1 2 0

Matrix 18:
0 0 0 0 0 0 0 0
0 0 0 0 2 2 2 2
0 0 2 2 0 0 2 2
0 0 2 2 2 2 0 0
0 2 1 3 0 2 1 3
0 2 1 3 2 0 3 1
0 2 3 1 0 2 3 1
0 2 3 1 2 0 1 3

Matrix 19:
0 0 0 0 0 0 0 0
0 0 0 0 2 2 2 2
0 0 2 2 0 0 2 2
0 0 2 2 2 2 0 0
0 2 1 3 0 2 1 3
0 2 1 3 2 0 3 1
0 2 3 1 1 3 0 2
0 2 3 1 3 1 2 0

Matrix 20:
0 0 0 0 0 0 0 0
0 0 0 0 2 2 2 2
0 0 2 2 0 0 2 2
0 0 2 2 2 2 0 0
0 2 1 3 1 3 0 2
0 2 1 3 3 1 2 0
0 2 3 1 0 2 1 3
0 2 3 1 2 0 3 1

Matrix 21:
0 0 0 0 0 0 0 0
0 0 0 0 2 2 2 2
0 0 2 2 0 0 2 2
0 0 2 2 2 2 0 0
0 2 1 3 1 3 0 2
0 2 1 3 3 1 2 0
0 2 3 1 1 3 2 0
0 2 3 1 3 1 0 2

Matrix 22:
0 0 0 0 0 0 0 0
0 0 0 0 2 2 2 2
0 0 2 2 0 0 2 2
0 0 2 2 2 2 0 0
0 2 1 3 1 3 1 3
0 2 1 3 3 1 3 1
0 2 3 1 1 3 3 1
0 2 3 1 3 1 1 3

Matrix 23:
0 0 0 0 0 0 0 0
0 0 0 0 2 2 2 2
0 0 2 2 0 0 2 2
0 2 0 2 0 2 0 2
0 2 0 2 2 0 2 0
0 2 2 0 0 2 2 0
0 1 2 3 2 3 0 1
0 3 2 1 2 1 0 3

Matrix 24:
0 0 0 0 0 0 0 0
0 0 0 0 2 2 2 2
0 0 2 2 0 0 2 2
0 2 0 2 0 2 0 2
0 2 0 2 2 0 2 0
0 2 2 0 2 0 0 2
0 1 2 3 3 2 1 0
0 3 2 1 1 2 3 0

Matrix 25:
0 0 0 0 0 0 0 0
0 0 0 0 2 2 2 2
0 0 2 2 0 0 2 2
0 2 0 2 0 2 0 2
0 2 2 0 0 2 2 0
0 2 2 0 2 0 0 2
0 1 3 2 2 3 1 0
0 3 1 2 2 1 3 0

Matrix 26:
0 0 0 0 0 0 0 0
0 0 0 0 2 2 2 2
0 0 2 2 0 0 2 2
0 2 0 2 0 2 0 2
0 1 2 3 2 3 0 1
0 2 1 3 3 1 2 0
0 2 3 1 1 3 2 0
0 3 2 1 2 1 0 3

Matrix 27:
0 0 0 0 0 0 0 0
0 0 0 0 2 2 2 2
0 0 2 2 0 1 2 3
0 0 2 2 2 3 0 1
0 2 0 2 0 3 2 1
0 2 0 2 2 1 0 3
0 2 2 0 1 3 1 3
0 2 2 0 3 1 3 1

Matrix 28:
0 0 0 0 0 0 0 0
0 0 0 0 2 2 2 2
0 0 2 2 0 1 2 3
0 0 2 2 2 3 0 1
0 2 0 2 1 0 3 2
0 2 0 2 3 2 1 0
0 2 2 0 1 3 1 3
0 2 2 0 3 1 3 1

Matrix 29:
0 0 0 0 0 0 0 0
0 0 0 0 2 2 2 2
0 0 2 2 0 1 2 3
0 0 2 2 2 3 0 1
0 2 1 3 0 2 0 2
0 2 1 3 2 0 2 0
0 2 3 1 0 3 2 1
0 2 3 1 2 1 0 3

Matrix 30:
0 0 0 0 0 0 0 0
0 0 0 0 2 2 2 2
0 0 2 2 0 1 2 3
0 0 2 2 2 3 0 1
0 2 1 3 0 2 0 2
0 2 1 3 2 0 2 0
0 2 3 1 1 0 3 2
0 2 3 1 3 2 1 0

Matrix 31:
0 0 0 0 0 0 0 0
0 0 0 0 2 2 2 2
0 0 2 2 0 1 2 3
0 0 2 2 2 3 0 1
0 2 1 3 0 3 2 1
0 2 1 3 2 1 0 3
0 2 3 1 1 3 1 3
0 2 3 1 3 1 3 1

Matrix 32:
0 0 0 0 0 0 0 0
0 0 0 0 2 2 2 2
0 0 2 2 0 1 2 3
0 0 2 2 2 3 0 1
0 2 1 3 1 0 3 2
0 2 1 3 3 2 1 0
0 2 3 1 1 3 1 3
0 2 3 1 3 1 3 1

Matrix 33:
0 0 0 0 0 0 0 0
0 0 0 0 2 2 2 2
0 0 2 2 0 1 2 3
0 1 2 3 2 0 0 2
0 2 2 0 0 3 2 1
0 3 2 1 2 2 0 0
0 2 0 2 1 3 1 3
0 2 0 2 3 1 3 1

Matrix 34:
0 0 0 0 0 0 0 0
0 0 0 0 2 2 2 2
0 0 2 2 0 1 2 3
0 2 0 2 2 1 0 3
0 2 2 0 1 3 1 3
0 2 2 0 3 1 3 1
0 1 3 2 3 3 1 1
0 3 1 2 1 3 3 1

Matrix 35:
0 0 0 0 0 0 0 0
0 0 0 0 2 2 2 2
0 1 2 3 0 0 2 2
0 1 2 3 2 2 0 0
0 2 0 2 0 2 1 3
0 2 0 2 2 0 3 1
0 3 2 1 0 2 3 1
0 3 2 1 2 0 1 3

Matrix 36:
0 0 0 0 0 0 0 0
0 0 0 0 2 2 2 2
0 1 2 3 0 0 2 2
0 1 2 3 2 2 0 0
0 2 0 2 0 2 1 3
0 2 0 2 2 0 3 1
0 3 2 1 1 3 0 2
0 3 2 1 3 1 2 0

Matrix 37:
0 0 0 0 0 0 0 0
0 0 0 0 2 2 2 2
0 1 2 3 0 0 2 2
0 1 2 3 2 2 0 0
0 2 0 2 1 3 0 2
0 2 0 2 3 1 2 0
0 3 2 1 0 2 1 3
0 3 2 1 2 0 3 1

Matrix 38:
0 0 0 0 0 0 0 0
0 0 0 0 2 2 2 2
0 1 2 3 0 0 2 2
0 1 2 3 2 2 0 0
0 2 0 2 1 3 0 2
0 2 0 2 3 1 2 0
0 3 2 1 1 3 2 0
0 3 2 1 3 1 0 2

Matrix 39:
0 0 0 0 0 0 0 0
0 0 0 0 2 2 2 2
0 1 2 3 0 0 2 2
0 1 2 3 2 2 0 0
0 3 2 1 0 2 0 2
0 3 2 1 2 0 2 0
0 2 0 2 1 3 3 1
0 2 0 2 3 1 1 3

Matrix 40:
0 0 0 0 0 0 0 0
0 0 0 0 2 2 2 2
0 1 2 3 0 0 2 2
0 1 2 3 2 2 0 0
0 2 0 2 1 3 1 3
0 2 0 2 3 1 3 1
0 3 2 1 1 3 3 1
0 3 2 1 3 1 1 3

Matrix 41:
0 0 0 0 0 0 0 0
0 0 0 0 2 2 2 2
0 0 2 2 1 1 3 3
0 0 2 2 3 3 1 1
0 2 0 2 1 3 1 3
0 2 0 2 3 1 3 1
0 2 2 0 1 3 3 1
0 2 2 0 3 1 1 3

Matrix 42:
0 0 0 0 0 0 0 0
0 0 0 0 2 2 2 2
0 0 2 2 1 1 3 3
0 0 2 2 3 3 1 1
0 2 0 2 1 3 1 3
0 2 1 3 0 2 3 1
0 2 2 0 3 1 1 3
0 2 3 1 2 0 3 1

Matrix 43:
0 0 0 0 0 0 0 0
0 0 0 0 2 2 2 2
0 0 2 2 1 1 3 3
0 0 2 2 3 3 1 1
0 2 0 2 1 3 1 3
0 2 1 3 3 1 0 2
0 2 2 0 1 3 3 1
0 2 3 1 3 1 2 0

Matrix 44:
0 0 0 0 0 0 0 0
0 0 0 0 2 2 2 2
0 0 2 2 1 1 3 3
0 0 2 2 3 3 1 1
0 2 1 3 0 2 1 3
0 2 1 3 2 0 3 1
0 2 3 1 0 2 3 1
0 2 3 1 2 0 1 3

Matrix 45:
0 0 0 0 0 0 0 0
0 0 0 0 2 2 2 2
0 0 2 2 1 1 3 3
0 0 2 2 3 3 1 1
0 2 1 3 0 2 1 3
0 2 1 3 2 0 3 1
0 2 3 1 1 3 0 2
0 2 3 1 3 1 2 0

Matrix 46:
0 0 0 0 0 0 0 0
0 0 0 0 2 2 2 2
0 0 2 2 1 1 3 3
0 0 2 2 3 3 1 1
0 2 1 3 1 3 0 2
0 2 1 3 3 1 2 0
0 2 3 1 0 2 1 3
0 2 3 1 2 0 3 1

Matrix 47:
0 0 0 0 0 0 0 0
0 0 0 0 2 2 2 2
0 0 2 2 1 1 3 3
0 0 2 2 3 3 1 1
0 2 1 3 1 3 0 2
0 2 1 3 3 1 2 0
0 2 3 1 1 3 2 0
0 2 3 1 3 1 0 2

Matrix 48:
0 0 0 0 0 0 0 0
0 0 0 0 2 2 2 2
0 0 2 2 1 1 3 3
0 0 2 2 3 3 1 1
0 2 1 3 1 3 1 3
0 2 1 3 3 1 3 1
0 2 3 1 1 3 3 1
0 2 3 1 3 1 1 3

Matrix 49:
0 0 0 0 0 0 0 0
0 0 0 0 2 2 2 2
0 0 2 2 1 1 3 3
0 1 2 3 0 3 1 2
0 2 0 2 1 3 3 1
0 2 0 2 3 1 1 3
0 2 2 0 3 1 3 1
0 3 2 1 2 3 1 0

Matrix 50:
0 0 0 0 0 0 0 0
0 0 0 0 2 2 2 2
0 0 2 2 1 1 3 3
0 1 2 3 0 3 1 2
0 2 0 2 1 3 3 1
0 2 1 3 3 1 2 0
0 2 3 1 3 1 0 2
0 3 2 1 2 3 1 0

Matrix 51:
0 0 0 0 0 0 0 0
0 0 0 0 2 2 2 2
0 0 2 2 1 1 3 3
0 1 2 3 0 3 1 2
0 2 0 2 3 1 1 3
0 2 1 3 2 0 3 1
0 2 3 1 0 2 3 1
0 3 2 1 2 3 1 0

Matrix 52:
0 0 0 0 0 0 0 0
0 0 0 0 2 2 2 2
0 1 2 3 0 1 2 3
0 1 2 3 2 3 0 1
0 2 0 2 1 3 1 3
0 2 0 2 3 1 3 1
0 3 2 1 0 3 2 1
0 3 2 1 2 1 0 3

Matrix 53:
0 0 0 0 0 0 0 0
0 0 0 0 2 2 2 2
0 1 2 3 0 1 2 3
0 1 2 3 2 3 0 1
0 2 0 2 1 3 1 3
0 2 0 2 3 1 3 1
0 3 2 1 1 0 3 2
0 3 2 1 3 2 1 0

Matrix 54:
0 0 0 0 0 0 0 0
0 0 0 0 2 2 2 2
0 1 2 3 0 1 2 3
0 1 3 2 1 3 0 2
0 2 0 2 3 1 3 1
0 2 2 0 3 3 1 1
0 3 1 2 1 3 2 0
0 3 2 1 2 1 0 3

Matrix 55:
0 0 0 0 0 0 0 0
0 0 0 0 2 2 2 2
0 1 2 3 0 1 2 3
0 1 3 2 1 3 0 2
0 2 1 3 3 2 0 1
0 2 3 1 3 0 2 1
0 3 1 2 1 3 2 0
0 3 2 1 2 1 0 3

Matrix 56:
0 0 0 0 0 0 0 0
0 0 0 0 2 2 2 2
0 1 2 3 0 1 2 3
0 1 3 2 2 0 3 1
0 2 0 2 1 3 1 3
0 2 2 0 3 3 1 1
0 3 1 2 0 2 3 1
0 3 2 1 2 1 0 3

Matrix 57:
0 0 0 0 0 0 0 0
0 0 0 0 2 2 2 2
0 1 2 3 0 1 2 3
0 1 3 2 2 0 3 1
0 2 1 3 2 3 1 0
0 2 3 1 0 3 1 2
0 3 1 2 0 2 3 1
0 3 2 1 2 1 0 3

Matrix 58:
0 0 0 0 0 0 0 0
0 0 0 0 2 2 2 2
0 1 2 3 0 1 2 3
0 1 3 2 2 3 1 0
0 2 1 3 1 3 0 2
0 2 3 1 3 1 0 2
0 3 1 2 2 1 3 0
0 3 2 1 0 3 2 1

Matrix 59:
0 0 0 0 0 0 0 0
0 0 0 0 2 2 2 2
0 1 2 3 0 1 2 3
0 1 3 2 3 2 0 1
0 2 1 3 2 0 3 1
0 2 3 1 2 0 1 3
0 3 1 2 1 2 0 3
0 3 2 1 0 3 2 1

Matrix 60:
0 0 0 0 0 0 0 0
0 0 0 1 2 2 2 3
0 0 2 2 0 1 3 2
0 2 1 0 3 2 0 2
0 0 2 3 2 3 1 1
0 2 1 3 1 0 2 3
0 2 3 2 3 1 1 0
0 2 3 1 1 3 3 1

Matrix 61:
0 0 0 0 0 0 0 0
0 0 0 1 2 2 2 3
0 0 2 2 0 1 3 2
0 2 3 2 1 0 2 0
0 0 2 3 2 3 1 1
0 2 1 0 1 3 3 2
0 2 3 1 3 2 0 1
0 2 1 3 3 1 1 3

Matrix 62:
0 0 0 0 0 0 0 0
0 0 0 1 2 2 2 3
0 1 2 0 0 2 3 2
0 2 0 2 3 1 0 2
0 1 2 3 2 0 1 3
0 2 0 3 1 3 2 1
0 3 2 2 1 1 3 0
0 3 2 1 3 3 1 1

Matrix 63:
0 0 0 0 0 0 0 0
0 0 0 1 2 2 2 3
0 1 2 0 0 2 3 2
0 2 3 2 0 1 2 0
0 2 1 3 2 1 0 3
0 3 1 2 0 3 1 2
0 3 2 1 2 0 3 1
0 1 3 3 2 3 1 1

Matrix 64:
0 0 0 0 0 0 0 0
0 0 0 1 2 2 2 3
0 1 3 2 0 0 2 2
0 2 2 0 1 3 2 0
0 1 3 3 2 2 0 1
0 2 2 1 3 1 0 3
0 3 1 2 1 3 0 2
0 3 1 3 3 1 2 1

